28785
11649
29218
15427
28753
22077
9877
9077
24547
11845
2510
24913
5049
14104
17500
12712
15851
2937
29985
25762
13178
3576
5049
17050
5049
24913
17914
22921
4506
18641
10778
1401
12165
23056
5898
20455
18962
30894
28146
9877
28076
32224
2937
12933
9380
11673
17500
1893
22343
28702
12712
5631
18358
4178
5475
17992
7160
19766
24547
32099
5447
29854
17326
24913
1
32616
17427
32337
29322
7368
20412
7717
32575
2508
31810
23161
31961
11673
6872
14104
13426
29900
20455
32489
4702
7435
4313
1
28702
20455
7226
19766
11828
27747
1
28630
20455
5049
24776
30305
1
10249
2839
15378
27266
7226
22315
15617
20583
21155
9877
3967
30628
8770
17264
11665
12330
8615
1204
2508
2023
24360
6964
27243
11665
3440
25479
4189
21784
15851
30793
24913
20200
15851
2161
5049
17500
2023
15543
30749
27266
20455
32224
26777
15851
26683
7796
14605
25762
27266
6872
7989
26503
1369
24899
12516
5447
27627
24334
31957
13943
19018
7226
26683
22315
19142
20455
28498
28304
28316
24547
5793
30260
8964
27266
32657
17703
21594
27480
32224
1
24913
25722
21115
3440
29165
22125
19900
5038
18410
7003
32224
30260
18641
22846
30260
9310
17035
4751
19545
24021
74
2510
20232
32597
32224
6788
27266
9267
30749
9380
1577
2930
18880
14540
5393
74
11665
17500
22315
9752
15316
30452
27266
25554
6528
21355
20750
30528
7901
9956
1204
74
15316
10198
13879
5447
8309
8410
1807
25722
6046
26309
15851
2951
25993
20674
12330
18650
1
28044
12165
16099
74
11665
27266
6881
20455
20583
15316
20412
5463
8802
7226
18102
22315
27767
1087
17144
3467
28624
10380
5049
8150
7451
22863
18641
9380
24547
23167
8500
18641
20455
2304
26683
27767
74
9310
18962
20305
25722
7368
18027
32570
10617
22315
9564
15316
4505
20213
25045
3645
12431
7465
17500
9251
23720
25153
74
1393
22248
15316
15851
32747
17406
17500
1
28624
2839
15360
3440
24665
16436
18880
12165
12766
25722
7226
30906
15316
12712
15851
74
5049
32224
20583
4548
1152
15315
8365
23706
31697
15851
25923
74
12712
24913
13992
10648
852
24547
20455
13618
20412
11665
14104
23462
13926
26503
6289
1
27266
23834
24913
9877
13943
1
22270
12712
12766
17645
12712
11569
7324
8408
24913
74
19766
5291
20980
5898
8408
9877
15851
14887
4873
29728
23568
74
30499
11045
1
26683
23814
21546
29250
5049
18297
27266
1
25510
4913
25554
32290
23164
32141
20078
32224
18249
1546
5049
20455
3369
22315
32224
1863
28316
3017
30260
32224
24021
20412
29475
21905
22315
20995
8365
32224
25075
18102
1577
20583
15316
20412
12712
5447
14104
5038
25122
13580
22047
25347
1847
27266
8770
31730
21384
23814
22315
26478
6438
23650
16281
1847
12712
8192
17267
28785
20455
16403
15133
22315
5447
2714
7901
15316
4364
26503
4247
15851
17500
30260
13038
22125
23720
9380
9060
10617
20213
3440
27943
22497
28624
27266
17427
15316
5447
20412
8110
17500
32337
31668
2059
12712
4913
21653
4917
1676
22921
28878
19100
15316
1213
74
31971
11665
9877
30499
27266
5291
10039
12516
23814
12068
32049
22315
22248
1546
12766
25616
32224
25722
17406
5166
32099
20455
30452
31870
21784
5475
20455
19039
32141
5049
11665
15851
2558
5447
2935
24547
27266
13072
9508
30260
22248
1565
22248
1546
29785
1626
9203
9956
9267
17542
14104
8304
24385
21760
4802
74
24014
2059
31102
20455
28853
32570
9956
28785
14104
10797
17241
27266
15458
3454
13057
3404
30499
1885
5785
1
15851
9077
4364
23720
20455
32224
15449
25122
23188
74
32099
27104
24776
17264
22735
16358
14390
20583
5451
20906
9251
5049
13008
23136
19921
5049
12712
20906
1
23309
1
15316
20164
27782
5447
16578
22248
8938
32575
28339
25631
31870
27266
31356
7901
13986
23720
2508
24913
10617
15458
9380
20412
13525
24913
25436
15301
31693
4913
23167
21163
8709
20412
24860
12712
9877
3626
9077
5447
28722
25722
24547
20455
1263
12766
23343
29322
32099
16953
18962
8208
11504
5447
12766
25722
5451
15617
24021
13580
6415
20809
2478
23814
20412
74
2951
18879
2951
9877
14116
32224
3062
7245
22248
26342
24521
6370
23568
10465
13178
27260
1
11828
14104
24913
24547
28125
1
2023
26953
20676
15458
5447
7796
27899
28265
5447
18249
29322
15851
8048
6881
1087
27
6085
17500
2508
8663
11392
20412
30452
32224
30070
24913
30641
21019
11665
6788
14023
17326
24021
24021
13514
15851
11936
1
1730
31961
25722
1863
1
5475
20969
12712
5447
17427
17500
20341
8657
10653
32224
28879
1
14104
7226
74
4189
74
20934
20412
18650
8770
6528
635
18055
1087
15617
832
8770
24860
5049
23995
74
9267
15851
21180
28339
32337
17035
32099
16461
8770
25868
27587
22315
30865
6895
15316
15851
6788
17961
7226
3371
13580
12412
4247
20073
1
31781
2023
14387
6528
5834
22125
10927
24518
26237
32224
12766
9877
25722
21760
5049
9508
9
24776
22315
11074
21480
7465
5447
24021
24385
27266
9586
20583
2539
6288
17264
28762
19068
15851
19578
17206
21099
31961
26683
17035
24334
30260
24547
1
20412
20455
1087
11665
31116
23814
25045
27587
4665
15316
20779
5494
12766
12766
29712
30749
1204
23329
1
16358
32570
30499
24676
19575
16403
7465
15187
5049
32224
32224
13943
12712
27819
20305
32330
25554
7297
13036
7398
20082
30287
30452
5793
14023
19766
17241
1863
8912
18102
21723
32494
28785
74
28851
28498
12766
7226
24329
27413
20113
18076
14445
10727
20455
14104
27913
7687
22184
2951
74
26094
7380
17500
23079
22315
15316
31974
16142
7806
19766
7451
32141
23817
10617
29128
12712
23650
30150
74
5049
25672
9340
1546
27266
18018
1369
10131
30760
22315
14104
1393
12712
26503
74
832
24023
8408
5049
18688
16875
8136
16436
32099
14186
25554
5525
12933
1397
14104
18279
24822
29322
30790
3645
9877
15316
2510
31264
9877
27266
24547
20455
25722
28785
8408
29693
23548
11665
28339
3440
28037
1546
9877
32099
31356
393
22315
15316
28878
16738
12993
17642
5447
20455
9380
10617
15851
4159
23343
13580
244
22477
7226
12841
25722
2508
9877
14023
1546
2023
28225
32224
11179
1
32337
12197
27045
2510
20412
184
16524
30152
22735
15761
25430
21454
22315
19981
28339
26192
1688
28878
27899
17500
27266
15365
24025
17500
23548
22315
31957
15316
26545
25153
25672
16926
1546
23167
4083
17241
22315
5049
24913
2936
12712
32337
9877
24913
5451
25722
24799
5208
5049
29640
27
24256
25722
74
28315
19578
7368
4247
7226
8136
1152
27365
10249
7226
32224
28123
7465
26342
32099
15316
7750
3576
22315
32224
16358
1893
23101
25436
9877
1
30856
20412
1273
14104
15851
24385
2805
28624
31203
32665
12712
25554
1
17542
15617
30865
16835
29640
16368
74
19068
23293
17206
17206
19643
15316
29098
17898
22846
18641
1
24776
749
22824
12712
11646
30865
13592
8048
26261
10927
31961
7481
7226
1
5447
27767
5291
11790
25543
24021
30260
27266
22735
13329
6788
1152
1
25722
27961
2810
1087
26683
9251
9230
24547
12114
20995
17961
27266
30749
1204
21163
18470
24860
12516
5049
20956
9267
3440
5049
1
32099
12712
32224
5049
17035
12919
7495
13246
16436
950
11665
8110
14149
27266
11665
23136
29197
28878
31390
31222
22315
9508
3543
5447
687
7254
31693
2023
27266
1
15278
13663
24860
24547
24547
22315
20455
5802
32224
30638
26683
17264
9251
32570
24547
21546
24021
21594
12251
30452
9505
24547
12712
15515
5793
24021
5333
27365
21317
9380
12766
22315
22735
2911
24021
13580
9416
7700
15316
32099
1087
29098
19093
20412
32224
28104
14459
11665
5049
5834
18102
25993
9077
32639
12712
21115
24547
32570
16109
6788
13986
7994
12712
11828
5269
16368
24913
27266
22125
18249
28851
1731
10915
11665
32265
14306
22300
24021
22248
25122
25903
12345
4702
32224
30712
23720
21355
19214
18410
9752
2023
15515
32224
31116
27266
20412
17035
29963
15617
32224
7226
20810
74
17988
5291
7071
5038
7226
4234
17500
11665
28350
30260
7736
832
12712
11569
28457
17500
14104
7226
20906
17035
32099
24766
4364
12486
20980
15851
24021
1315
24021
9681
10675
26866
24334
10617
11665
27797
16926
5898
29985
5447
17206
15316
448
23136
21115
9267
14390
24665
24913
29322
749
27
15625
22315
16679
11392
18962
23791
20455
19842
23864
32071
18102
30413
1565
5447
15316
20232
20412
334
13580
22315
18102
7226
5049
27266
20455
3369
11665
26748
11123
9877
7571
4247
8365
14104
11665
32330
19160
20232
11665
25722
20412
20585
5049
31203
32575
22662
8150
15851
24547
22378
19981
5924
74
31116
32099
4917
31203
29475
31253
9251
88
25775
24385
15267
22315
26387
27266
31203
5661
19766
5291
28125
24831
24038
22315
13986
22297
22559
12712
23720
31326
22315
20455
16729
7901
22248
5586
14403
16436
12810
5050
16558
20583
8365
32595
1875
2937
5049
17500
5589
4341
25655
17153
22824
23478
11665
32141
24547
31957
9267
14023
19366
12712
15316
31277
24913
2723
1156
25722
5880
7156
17500
2186
24913
21355
311
13986
9944
1545
11665
22315
2779
30260
2023
12712
5297
24385
26683
32032
25993
18641
27095
24547
1
5752
9752
31950
11665
30712
13716
17493
21355
5447
11665
74
17801
20634
29323
22735
30452
20906
23650
10465
29748
18102
24547
4751
6036
12712
29985
32747
12149
24401
22248
32747
19766
17858
32141
26683
30749
1953
27266
32224
32141
21546
20412
16494
27266
22125
32099
17427
7226
30183
20213
28878
29475
17542
5793
25122
24822
31961
24913
28225
10248
10465
9508
10517
10363
32141
17206
15427
18962
24913
7901
22315
5049
19766
28316
23892
7368
17768
1
20412
6059
5898
31116
2680
25722
21163
5049
5291
18650
5049
5049
5208
12106
15458
13438
19575
20455
11030
3017
32747
9189
12766
17500
5447
14433
10617
29322
27266
20603
11665
1577
22315
15458
31203
13127
14000
15458
6539
9508
6788
15316
15851
17500
552
25345
74
7899
6935
6872
6528
30288
816
32099
1663
18641
4364
15316
24547
28702
17500
74
2606
20585
19239
5049
25722
9508
2508
12766
4913
32625
32224
15851
13986
20929
28074
20412
14104
17500
28457
24547
23343
20305
24385
8309
4183
30749
23799
16137
12093
15316
11665
17930
11665
20455
20455
24776
24913
24547
5049
17500
32224
7226
23167
19575
30452
12712
19068
12933
28785
10727
12019
13580
74
28311
24913
14104
2951
20583
7912
27266
28498
5049
19575
22315
17406
21355
11045
14186
10658
5631
14387
13943
27013
29900
14387
17500
7899
25722
26559
24547
22186
23299
2154
29322
9508
24913
32224
20232
30894
15851
13580
9586
31663
12766
28878
28699
12524
7899
30512
23814
6551
4913
13677
24547
1
24913
5447
12951
74
15316
1626
20232
74
17500
1367
20213
3290
1626
3424
1863
5049
27365
7551
16580
17206
29322
18470
25554
12712
30452
25002
29735
20455
30260
16394
28878
17500
15316
24021
30113
25554
20906
31277
6158
23568
27266
11153
15617
1393
18321
16394
30749
7226
7226
20412
15344
30749
31203
1
24913
2510
19575
4989
22315
21036
1626
6085
20265
9262
14057
9380
9380
12330
31957
9077
15391
32595
7713
23167
12712
17511
32099
31998
20232
28776
4364
22011
20455
32099
14104
13178
3468
8110
24913
3468
15851
5447
14443
23665
32099
19366
31203
12330
22921
19867
9752
28050
16387
648
11665
5447
22735
1663
27086
15316
30641
24021
30749
12712
15316
1885
5447
25722
12766
25722
22248
27661
20585
24060
5420
27266
7226
17264
1430
2744
11560
27266
9962
1087
11665
7226
12766
32099
20347
17406
20455
20455
1
15851
12712
17493
22735
12766
32224
32385
12712
17500
19068
18249
23056
24592
2208
15937
6872
24913
5523
21355
17569
14605
25792
30490
22315
13926
7226
5752
5644
1
4620
31116
17427
20455
27266
30528
25722
19068
32224
1087
24822
4751
24025
15851
5447
29509
15851
25722
9877
25722
23167
26342
1339
12712
6881
18650
15316
22248
12712
464
17326
30452
11569
24913
22315
9077
301
13835
74
9435
9877
31743
1875
22921
1087
18470
17500
31253
27077
2951
1204
12336
5447
20412
27961
10622
17427
832
8228
1067
12712
25903
5447
27961
5049
5447
6979
1
24385
17035
11153
22248
5447
27266
18641
25722
26261
31693
8315
10039
15723
6627
25762
19754
22315
23568
24021
21718
21155
14860
22181
7226
20412
27266
1626
16358
12766
15851
74
7171
5785
12330
5834
29322
31957
31961
25942
832
20708
5793
74
1
11665
4364
20455
5447
19421
20213
24544
22497
11665
22916
5416
19366
20583
25722
27587
18677
24385
15851
15851
13258
17206
28184
28851
27913
9508
15625
11665
24822
5793
6979
15851
22712
32099
20583
3239
28853
21760
12431
1
10505
15316
9877
25722
25722
24913
15344
15907
10526
27961
1
5898
7156
18641
4917
20455
301
30260
25819
28457
13036
20455
11665
7017
15458
19039
22315
27587
7226
14104
1
5834
16436
24141
32224
26713
24913
12712
5297
28851
18102
32099
1
12712
19754
5440
28659
74
3412
28800
15851
27174
6301
19575
18962
9340
17412
7443
11665
8150
15133
16811
28940
8121
17898
28044
31983
19012
11828
22315
18925
28851
5049
32337
6866
10923
27266
7226
24025
15617
26511
13943
20213
5898
18102
3606
16276
30749
27266
17493
2023
15316
1369
1087
32224
32224
2805
25672
8110
24547
18321
24547
4913
8166
26503
5049
24913
32570
31203
5447
11665
24021
11392
25722
20113
27266
20585
22315
16358
19833
1087
18962
28860
22315
32099
28762
23650
5752
23343
1625
4917
10826
2023
19766
23497
17455
22735
25993
28699
24021
16436
19900
13580
5291
29098
1
32224
8615
5834
26309
28110
19366
3967
5447
15851
17406
5049
26683
18211
31203
15851
11665
12953
7226
74
26503
10992
28457
31957
23720
74
32224
14104
28878
22315
28316
32747
14427
23293
26070
27266
27266
12766
27266
12321
8702
25122
11665
5898
13525
7023
20455
28919
5834
8657
26306
32224
4913
7368
1204
16461
32009
17500
832
14023
9752
20232
32095
22315
24822
13943
8770
20232
26234
1893
22315
10201
31116
1393
15427
32224
17292
15449
5049
17947
19981
1
24913
28785
6733
30528
24633
24547
74
22174
4364
873
25554
1
5049
5834
25554
22725
12627
9380
28137
2081
31203
5447
27
1
32009
11865
18410
32224
15851
14506
30864
2131
24547
6036
21384
20583
7226
32224
6528
23706
20022
12712
5475
21036
24961
628
301
25722
7765
31957
24361
29921
5447
3272
11970
5297
22248
11665
5062
15427
17264
26962
12516
20455
20405
29098
25430
25722
74
24899
27266
24913
5834
24913
30150
28457
21594
32224
9508
32224
30760
31974
74
24334
25722
30260
5447
19442
15458
23238
6017
31693
11504
12919
17500
31203
12516
18084
14387
7226
15726
74
26559
7443
12712
24021
5834
22538
30273
5049
2834
12766
11216
24798
1546
9310
24483
1626
32099
19766
5049
20412
1204
11153
29962
17152
13174
24061
5049
19766
24547
24913
1
30619
12712
28785
2951
12342
8110
17500
24185
31957
11665
17206
32009
5049
7226
24547
7178
26342
5049
32224
30894
17241
9956
17264
26481
12712
9732
21967
17500
1369
27179
16578
17206
15851
5447
18378
1204
10505
32009
20412
16436
12330
10068
18880
20412
15358
29735
24547
7901
27266
28316
74
11665
4620
32337
1367
15851
32224
22248
13036
22300
15851
15427
22125
24021
7226
3847
7226
32099
1
9380
23814
5291
5451
30260
20485
3576
15316
2935
2656
74
12712
19366
5291
30452
29314
17406
28647
13986
27266
15677
74
7226
4704
28149
28017
29331
9380
30247
23547
7226
27266
24862
30430
8749
19981
5447
17500
1477
7226
10465
12712
9681
25860
25722
7207
18962
21139
9304
5049
6547
15344
15316
15851
30260
1545
30968
28103
7443
18470
22315
23789
24860
20412
20455
24021
16421
28457
5049
22856
30528
22315
22315
20412
3015
18592
1087
13580
29098
24161
30150
17992
6528
2479
1087
5447
1
7368
2911
32735
14104
1
24385
24913
1626
32224
32224
17500
74
27266
24913
5049
15865
5447
12712
15316
29847
11569
32337
25122
14319
17500
27266
28457
11281
5049
74
25722
12712
7451
20583
4917
23079
21594
26211
15344
27266
24913
24822
31277
2839
22270
9877
31961
14403
19766
24385
17542
28846
23720
24483
13178
10898
9077
21738
25722
23814
4917
27010
8311
14887
15851
24913
20412
15617
24547
28311
32141
25722
10675
23343
32575
7994
5447
7994
24334
22315
20232
19575
16951
8966
21115
12712
30260
74
10992
13580
23814
25554
5291
32489
794
30260
26683
4913
22315
3397
9877
30749
5038
28044
25722
17264
9560
1626
32224
31203
20455
25122
11569
28885
13700
9877
74
16749
32141
32570
31693
7451
29579
22248
5834
6795
31203
27266
27961
18410
19612
18641
20355
3787
12571
22315
74
10775
27266
27045
5049
8150
27266
29098
15449
9752
27913
28316
5447
74
23720
24025
10617
24385
11652
17511
20412
26419
27266
6943
1837
74
7239
2937
32570
27587
31116
24765
12712
26309
16298
23726
15316
10363
11665
9077
9508
23650
1204
14445
24547
32224
749
27
32747
7226
14387
5049
1577
8291
5898
15316
17703
24021
24547
24116
20583
5793
12712
16368
14860
25993
15316
7901
9877
1369
16358
22315
1828
9508
11581
24385
7451
20232
18641
17992
32639
15851
27266
32330
8408
24021
15458
1
22735
26261
11828
21434
12923
27767
30288
16778
25775
27737
10249
20305
31787
21546
1087
2951
30288
11665
22315
15851
9508
32224
26683
17642
15316
30260
29963
18102
11569
21159
28878
5049
1
21647
32099
6725
24824
25722
4364
31203
30273
20455
14387
3889
10274
5447
17264
27266
18084
27
2510
9877
9251
20412
1204
5049
18641
11665
23343
18249
22125
24860
32747
7009
25717
74
28878
1087
26683
12923
19900
11551
18641
13038
21784
10249
26052
18102
13618
21594
20455
11665
25722
16974
2508
9267
22712
74
16927
24547
11828
10353
28146
20412
9877
24533
5447
9681
19068
30865
20412
684
25075
23056
5898
25153
11665
15937
19001
11665
9854
23329
27
32046
2510
11067
31296
30868
25045
18321
12766
28457
74
27020
74
1807
1087
25722
1
9181
7279
8966
13038
10942
5447
24021
13943
30865
11428
20412
20412
2356
15851
20718
32099
18211
27370
17801
74
19766
31326
5049
252
29322
27587
32099
7226
18641
9267
15316
9877
12712
7022
14306
13004
17493
5049
28645
27266
25122
13438
6683
20756
6046
8150
9489
20412
28297
20412
30528
24860
15449
16461
13700
20583
74
23384
32570
17206
18410
20585
74
26503
7465
11665
20455
31852
31203
5447
14433
11665
23814
1496
18249
26306
5049
13986
6783
5447
10876
74
3440
15316
1
22315
20412
32224
1893
31277
32224
23814
16358
11828
27587
31549
8615
18102
18641
1
9267
19486
301
23343
635
20455
2510
1324
24913
8924
27960
25722
18641
17050
5793
17144
11592
18650
23814
5793
15316
10775
23136
13126
27174
17500
24913
9380
31116
20455
28471
28146
7979
10617
24735
5049
15344
24822
7151
13618
24021
5447
11665
22315
27405
23726
4231
32224
15851
17744
17500
19981
27266
15851
25672
25104
26683
24021
1
74
4341
7226
18102
7011
26530
16358
11665
32224
31961
11781
22315
25436
11179
1
15458
10617
11526
9877
11665
32095
3553
6693
23346
32224
17241
9380
17264
14398
32515
18321
5793
31699
1339
17898
244
4620
24021
9877
5447
17050
25586
18
23167
30452
24021
10965
26503
74
5835
9275
27266
7226
20412
31961
19366
2573
26924
12712
17992
301
5793
17500
28400
2813
11281
22889
13438
10069
6935
5898
2508
30260
17406
20726
14306
27266
3232
14023
8465
16738
19766
1626
28722
17241
9380
21594
1
12712
18962
3440
15851
20583
5049
387
11665
11504
24913
20455
10280
2945
14022
17898
20128
21594
15851
24533
5447
22125
15458
11392
11000
25554
27266
9304
2839
26683
24913
25463
4913
17500
28044
11354
14399
8150
28316
14104
14104
1204
74
18641
27266
12766
10727
27715
17500
13036
22735
10465
7368
5038
28901
31957
12095
22396
20128
16298
24133
1
27266
5049
23814
24873
19867
9555
13195
28311
31974
5049
28457
30499
11504
12712
11392
26680
1152
28137
1324
25722
11665
26419
24533
21163
1
24256
32099
32224
14029
8980
25722
25554
3402
31961
20412
25722
20455
18641
17153
18102
23814
27266
25122
7226
1
30194
1
22315
12004
5447
24547
4079
15617
2813
24021
28060
24533
28785
8110
32224
23331
18896
5049
24547
15523
2233
12370
5447
22315
22732
311
27826
5049
25722
15464
28878
15851
15449
15646
9877
29296
18367
15316
5049
30026
20412
4913
9877
30641
8309
32679
32009
1
20216
20434
15865
19575
20779
7275
5447
18634
20213
22315
15316
3706
24822
15316
5834
25287
20232
25762
1
4189
2508
17513
15458
24547
25749
1577
28074
28457
27266
29322
5333
14427
28757
29509
25638
22315
32575
20455
9267
15851
1
25722
14306
20412
1339
18102
20455
10775
16461
19304
1
24547
20412
15723
18249
22921
5451
5661
12712
18102
12766
21163
1393
13438
20004
23167
24547
13273
5049
32099
9877
27266
27266
8150
23343
14071
20455
1863
22315
74
9508
27266
3371
20583
30499
18882
18850
74
22712
19404
5049
28866
4183
25554
9380
15316
7226
32224
17542
32099
28785
12712
24860
25313
20710
31961
12864
19766
25762
11281
18650
23995
16436
2569
5447
22248
14319
22315
22396
32307
14605
9077
21115
20232
832
18210
9251
22360
28498
12712
27266
27989
1
3440
32641
20455
14104
30260
9151
32224
7226
22798
28785
32099
11798
23432
5049
28498
15557
27365
3369
1
20412
23814
12712
20113
23628
1626
24547
17500
15646
18139
19754
21115
1315
8365
27587
32224
24822
10617
21668
74
32224
10295
19766
8214
11074
17500
14387
25722
25544
5049
16461
31546
9877
10366
5049
9251
5941
24913
24913
1
15316
32337
28311
32224
17500
18650
17961
28722
20412
832
17720
16318
5898
10617
32099
20412
16398
13580
5834
24401
17035
28316
17500
12164
20412
13426
5447
1818
20412
9508
16951
20953
5447
9752
32570
12524
3833
1369
74
14417
22315
2723
28851
25558
25529
15458
16358
23650
7226
21730
24547
14403
30749
24385
5049
18249
10782
8336
13580
16845
24902
10927
24334
32099
15344
12311
19900
28785
4364
16142
12712
9251
15316
32224
5049
20412
12712
30749
4618
13036
31556
18102
27266
28457
12784
26503
5447
16461
6528
8605
2839
24127
16991
24547
74
17900
16558
18962
74
9877
20412
6979
7465
1204
11392
1
7226
5494
24913
11392
8150
20623
30273
12712
24913
24021
17445
31693
3817
17152
22741
4490
11392
15316
10465
13178
18539
2860
25430
74
11000
16461
20583
24144
20412
32224
1
12330
20906
1087
20455
74
5049
27266
31682
15851
24822
11665
15723
17206
27
20232
32585
17500
17393
10727
25672
18641
31203
9267
12412
1
22486
13943
24021
12330
22712
11665
12685
19996
22315
1663
14459
1649
12712
3625
8150
27961
9956
5049
25722
20455
28758
31238
30628
26503
5447
22315
24822
16578
8757
22921
17950
26683
32570
32099
12345
12712
22575
27266
24913
32570
8702
2023
15316
32224
1667
17326
19486
31116
19766
5447
24913
5049
5447
5447
18
18125
30499
20965
32224
9877
15125
22315
10727
25036
5447
16578
18102
25722
31894
8309
31000
11504
19366
10675
29797
27266
28304
25554
21203
5049
19766
20412
23665
5463
20906
12712
4911
20455
7226
27404
9077
17500
28851
22315
20412
4913
16829
20534
8966
23814
17500
19039
31211
74
15851
19575
5451
31974
21257
27266
22351
11195
31703
17500
8702
5898
6587
5049
28647
23497
16358
7022
18102
15427
15715
5447
28878
5447
17511
24913
1204
24547
2023
7713
7226
30452
32224
30865
19575
15865
19578
20750
7245
5049
15851
24025
11045
31253
27943
18880
12712
28702
29299
1
7901
28624
32224
21594
1087
32224
20583
15344
25554
22315
18400
15316
2813
4189
31166
5834
13548
20232
30288
5291
18650
13178
32099
27
20455
31203
32123
12712
27266
2479
25722
2510
1546
31116
74
25722
7658
5049
24547
11983
3882
5360
29322
24021
4913
17511
16630
24021
18072
2937
27587
9877
17500
13426
18841
5834
28851
22735
17720
30260
15316
9752
16178
2493
15316
14633
23167
1626
24547
8309
8948
7023
6788
13096
5049
15851
11569
74
5378
15851
21784
1766
19820
11626
20338
11665
17035
3314
6979
15427
17206
27086
32459
32141
17542
27266
1393
12690
5049
24913
11551
22315
30628
26468
1
23046
17271
18962
9599
20389
24735
28235
32141
20412
19575
18650
24913
8632
32382
22315
21585
22315
22315
13023
27
20995
1087
18641
24021
25762
15293
9877
15316
2023
18650
30260
11301
17500
13483
3440
9267
25122
31134
9877
27266
27747
4561
23814
20444
22315
23343
5523
20232
20412
32224
9251
1
1
15449
24592
28762
20455
27961
25722
17406
10617
14319
74
17500
3017
21115
31296
24021
28316
31798
5941
5752
24913
24547
32224
13618
74
12712
29349
21454
4364
15851
1393
27905
74
7319
22315
15316
23814
16578
32337
32099
25722
27232
5291
18249
12712
15316
32099
30865
19609
5523
5415
26494
32099
5049
32570
15344
20326
31203
17326
4751
24021
7465
16358
17500
17264
1132
9752
12766
25762
6146
15851
9877
28960
13986
20953
8110
18181
5049
32337
13665
19575
32224
17500
1152
24547
21190
15851
2090
32224
20412
24547
9752
29369
1374
6979
15316
27806
5447
23167
24822
26503
749
20455
5291
27266
12992
15851
25722
7207
28137
17206
3440
20412
1
18641
5447
22248
13604
24547
23167
15851
24766
5049
9803
13525
17720
12712
9077
2023
24913
11392
23568
20412
20455
26588
5049
20846
29353
5447
12712
12766
22125
18641
15851
1087
4364
25729
4751
27365
5049
5447
30260
5447
31203
26683
7226
24054
18641
27266
24860
27266
23628
7901
6872
15617
24547
32224
25871
17944
27266
28457
20455
24021
7151
32224
26588
12274
4917
1982
13665
1087
17206
23111
25722
6415
74
7901
15851
17493
5049
31961
32224
23706
9746
17992
29098
23136
7245
24547
22315
1369
29963
1626
15373
7910
22315
9944
28722
5898
17801
10727
32570
9877
1
23343
25722
5898
11959
32575
4702
1367
24385
11665
19663
14956
10617
5049
22125
5834
74
2878
27266
32337
22248
22315
5447
22315
18410
5038
32296
24021
28699
12712
32224
17542
26048
20412
32224
8110
32099
18249
12712
9310
15851
676
17035
32641
12712
2544
27
22248
19578
21546
13618
11551
8741
20455
20232
7465
9508
1087
5049
32224
21612
32099
15316
31371
27164
19766
3937
31277
17326
30260
31974
24755
30452
31116
5049
10104
12165
18249
25722
15344
22315
3211
9294
16461
11665
12712
11665
22735
28758
5447
18410
15851
19575
24913
8770
27266
14743
27266
27818
24913
2964
14364
18641
5447
20455
32610
30749
3062
31640
25616
5834
29963
18962
794
13943
15410
161
5049
1863
21760
7226
22125
31950
11665
17569
15449
32224
5447
28851
17427
25722
9877
28316
27266
25554
24533
8315
11153
2023
2083
311
6861
8110
22315
15851
13986
301
29322
17035
25722
74
20455
16178
17500
8702
13580
10617
9956
27266
15851
21703
9752
22735
31277
17500
24025
15458
24822
23814
1315
27266
27266
28785
19754
74
14023
23167
12412
29621
7226
30452
24021
32224
16578
27266
28785
5447
3211
311
16358
21036
10558
7226
14149
5447
11665
20412
30865
26503
32224
24913
10909
6222
26495
14578
12164
7302
8309
22921
27266
30749
27365
7687
74
26156
24822
1953
5447
3017
325
30158
18321
29331
19575
9836
5898
27266
20108
27261
9500
6979
31957
31957
12712
27266
24021
26074
32337
4389
27913
7226
24385
11504
32141
25051
1367
6729
28851
13580
8575
21355
24547
10890
794
28624
18249
20412
30749
20412
24913
7226
6528
17264
17500
13580
32570
19578
27266
12165
20906
6030
23309
32489
74
22315
27266
16403
18641
28720
17642
20455
9877
28339
17992
7451
23706
23650
14116
8309
29953
24547
19766
19766
24361
11665
31116
10248
27
11626
19578
15449
9267
12766
30247
1204
32224
16368
19795
13403
22315
26356
2510
28316
1
24021
20194
28311
20412
20455
12080
19575
6415
9752
24334
24607
20583
32337
16630
13127
31203
17887
27266
1204
564
27266
18249
24547
17500
1087
28156
18027
28878
9267
13986
15427
20412
28498
17511
13127
27174
10890
2095
12251
10249
8310
15851
32330
32224
832
3369
7700
22315
11569
32224
74
27365
25554
22712
14391
5447
19766
31277
11665
32224
23675
23628
32224
28177
2779
832
25463
27266
12766
27
6935
9877
21685
15851
20232
19766
1
13178
21721
6528
28498
23814
20455
18211
21480
12712
31693
1
17206
20232
4283
32099
12933
27266
17898
21115
8146
5049
14149
29156
27266
15316
9042
17642
14186
27266
12672
7226
20113
9267
1204
27266
11045
18962
6451
5451
9877
9508
20232
15316
31203
24144
16298
5291
18641
4913
30152
7226
23720
11665
20455
6158
24021
29963
11665
9508
74
15723
12993
23814
13580
3369
7226
24913
15851
29322
22315
15316
32641
8309
23720
17511
32099
11504
9752
12766
325
21594
832
7156
22705
13036
7226
7465
20455
23167
23995
20369
30273
11665
13992
13178
1152
23548
11665
24334
27266
20455
24913
1953
5049
28457
20455
31116
21480
1893
28457
28785
24385
24860
17206
7764
24913
3440
9500
18650
2810
31961
14104
14023
5898
28304
1060
22856
1885
10617
8192
24913
9098
5447
26342
11665
12712
19981
23628
16436
22380
21384
27913
7226
22315
27266
10363
25122
26837
20585
20906
31554
20455
5049
2937
22248
16729
1626
22497
12165
5898
13258
32224
26562
7368
15851
6788
25655
5447
25762
24822
23650
32459
24021
11665
28702
27
22315
1
7901
10927
26503
31032
26503
24913
18662
3440
24547
22315
15671
9877
22315
816
5049
11569
27266
832
30749
22113
19366
22889
22315
25122
32099
3709
1367
5062
22125
7226
10927
9543
24913
31957
20163
20455
11665
1339
26503
301
7465
24913
27763
10248
18641
11959
74
29360
11665
2508
12992
12712
5054
28827
24144
22315
17500
15851
15316
13943
12712
15851
28878
22315
24385
28897
5049
12571
9472
20455
6693
28993
30021
15316
17206
12307
30288
27266
12330
3226
25775
20412
794
32575
23720
24021
31203
27587
1893
21384
18539
5049
2839
30737
22650
20534
1
20455
20906
29521
27266
15851
11665
4146
26559
21762
24822
1477
832
20412
30260
27266
20455
27266
24822
27266
20412
32224
10465
7226
3750
21355
832
1204
30570
5898
27
11179
15159
25600
9854
1087
21653
26559
12712
32224
31166
27266
29098
12933
26683
15316
24334
30260
17264
13580
25052
27266
8018
5049
28457
17500
17720
24144
9508
21730
15511
3017
27266
22477
26503
14387
7226
23329
11665
11665
9508
9267
16578
2134
32099
20128
27916
23814
11665
12766
11665
20412
19093
11310
9586
26503
22315
24547
5049
11179
15937
9752
32224
13499
9380
5527
11665
31505
20232
16050
12712
25052
27266
31957
27266
4247
23814
20216
15316
10956
31792
11551
15707
24021
24021
16774
23548
13986
8310
25262
20412
18822
30865
22248
5447
15851
5291
13038
19820
20810
27266
24662
5049
12766
1369
7207
13174
15316
7156
4561
27266
11153
20412
14403
25122
11665
13036
25544
15851
8656
19285
12712
10442
20232
5447
1044
27557
9877
11665
6528
32224
22315
1
17856
16296
19692
31166
32224
11959
1907
20828
10927
20828
19366
20934
15851
15954
18249
17500
15851
30956
18641
7368
1
29400
20583
22315
15726
19766
18962
4917
27266
10522
30260
4913
6776
11997
15344
74
11569
19575
24547
12712
24265
15316
27627
30865
13943
28069
5049
11665
15865
23079
24264
32337
5447
27899
11665
12766
26241
17053
29621
15316
30894
24913
32337
13604
31277
24533
3118
5049
7226
5447
10966
11665
8988
29060
7465
1152
24913
7805
27266
13979
816
24547
11392
23814
29360
24021
22090
18474
177
20412
9302
27266
7322
20078
15851
15851
28498
11652
12766
31684
24913
10782
9611
16275
22315
17500
5447
5447
1
6078
16778
27465
7481
20583
13986
9743
4441
15316
2510
5291
14459
1565
5049
32224
9077
24822
1
20906
23548
9687
11665
22315
11665
74
25722
32099
3709
8388
25722
13178
12712
27266
17392
28225
25430
9472
10646
8988
10927
15458
27448
28846
13943
22315
12712
20455
26110
9586
17500
11392
15851
23167
14824
26503
32224
4480
17500
27128
32404
12258
18641
32570
28785
18249
20583
26683
7226
15316
32307
16558
1
32224
20455
74
28125
9119
27587
23021
15851
28851
16617
13943
27831
11665
25075
24547
9380
27261
16178
1152
26481
74
29322
26022
9613
15851
4913
14023
74
15851
20779
19766
74
15316
15316
74
28225
7443
24913
12712
17500
10927
9956
30749
5049
5049
32141
18181
3015
15316
8150
20200
19129
15851
17961
17744
24021
27
2723
25655
5851
11030
9267
27266
24913
16461
6107
30452
9877
6788
21355
22735
17264
20412
18880
10465
20412
9752
29985
32224
12712
9877
24913
25722
17542
74
7226
9189
5447
24021
31961
17500
25722
15427
7515
24913
17542
7465
20213
32224
16951
5447
5049
4913
26156
22735
27587
5049
24547
20455
1
18102
28769
20455
24334
24547
26683
15617
11392
17500
12712
13663
30865
28878
1
13426
17542
8110
15851
2937
1546
28316
22315
1
15896
8605
24913
11665
1324
1
19766
24258
27
15851
32489
74
1973
8408
4837
28125
30856
5834
22735
9843
20583
7901
10902
11665
27961
207
26478
1393
28110
9877
13618
18650
30452
24547
1
15449
9877
20232
1087
22297
23720
32099
18340
31957
403
1626
22315
18249
2871
74
24393
74
32141
32099
1626
11652
13038
20754
27448
17500
27587
1204
24899
11665
17206
28370
25722
17218
11504
18641
14428
11239
30150
30273
1204
13141
7226
6451
29322
20213
32224
20412
11665
11504
11504
24334
24021
13127
1
22248
18249
8028
32489
30825
25722
4917
74
22315
31166
28044
15316
9877
21301
11560
9877
17961
8110
24372
12712
5834
6866
21959
22315
15841
31277
1087
16403
22735
23793
32224
32224
27455
5447
12766
15851
32382
8315
29930
3017
18880
26163
23793
5898
15427
1152
20412
7226
18883
27413
24547
7465
20455
12712
17500
9700
24021
32224
17992
20412
7994
24913
30452
16926
29322
32224
20455
13905
14624
18650
17500
17720
28785
1
12712
22315
31668
22315
7465
2023
12431
1
12137
15316
3369
14459
32224
6871
29833
1
9380
74
9877
30260
3938
17542
20906
794
9877
17500
13681
15427
32224
17947
24913
18249
6881
5898
25722
74
22315
24675
17500
24913
25655
23167
14364
12712
1
7226
16120
12712
22184
25409
31166
20906
14459
20412
32224
22351
74
1
74
24281
32099
27652
17440
9251
21760
25722
27174
24265
16358
23021
5907
19272
5049
25722
18650
1565
18378
31699
18641
20354
10465
74
24385
8833
20809
27465
9267
18650
74
21338
14057
9877
9380
24913
10390
8110
17500
23814
32533
30512
10465
15573
5038
32641
19766
17992
32099
16576
9795
24021
23720
21723
28339
32099
15266
29579
24913
12766
12330
12598
18962
15316
9877
22315
1
8408
31166
10782
23646
24021
14149
1
12712
7226
18249
18249
22125
2161
21724
7994
19366
32570
13036
24913
7512
22315
24547
1087
20326
20412
3440
18244
18962
23780
12919
32570
24385
29579
27
19591
32224
13178
23167
13975
15851
22315
1
8408
74
20412
31961
5166
32224
5898
6528
6017
32224
23167
28044
27
20412
23828
24547
29608
29322
26562
10965
27266
28624
18102
2883
24334
5049
16729
22315
10389
20113
30865
10775
28878
22315
17898
27266
12933
19673
10617
23814
31203
20810
4311
27623
5793
13036
5991
8150
27
4189
10158
5475
15316
1152
9267
16436
32224
12165
14223
32489
25722
20455
1393
30865
17500
25131
15779
32099
32141
25843
16781
3017
18650
32307
19068
28878
8310
9380
2510
24547
24021
5415
25463
8833
22735
17500
31957
24021
15511
20455
20455
28853
25616
10896
24913
14023
9077
16927
16436
32489
27551
14319
19766
27266
12165
18524
24913
23814
25722
20455
23167
12712
1
23343
11652
9877
12137
18249
24913
20583
7226
5049
8988
24592
4283
18497
27104
74
24547
15851
21674
20339
25762
27835
14149
9380
74
5049
15344
9251
15851
9877
26702
3670
17500
5049
16358
334
31961
23329
7901
10727
12412
18211
12766
32224
832
30641
12006
7451
2508
22735
1
20810
20412
5898
11045
20113
24860
24547
24064
21983
17264
17500
14023
19766
20455
14023
24533
14023
16436
22315
10622
1
4915
6788
30749
15316
1565
9956
30150
20455
24021
32337
19681
24913
13036
1
9877
24913
23343
15316
28316
9508
13580
15851
16875
11665
17264
26123
13605
22705
9698
25722
9995
32570
32224
16498
24592
22248
12524
8309
30150
22315
24025
27266
18641
25722
18470
7226
30829
12712
18816
22315
5049
19766
8814
30528
24547
10617
25747
32099
31166
27266
24913
27266
20412
22315
9877
7226
1
74
24547
27266
15907
17427
27266
7994
17206
1
12571
8110
23136
21454
16119
32337
32099
15268
15316
12712
11665
4917
6788
27551
27876
24547
9877
28878
14104
26478
26924
15851
25537
15851
5834
19900
29712
15851
27587
17500
11646
32141
14860
17542
26156
24337
25655
27627
5049
7901
22315
32570
20412
2937
30749
25800
32224
23497
4163
32099
12330
14104
32009
14387
12766
30749
15427
11569
20213
25059
24393
11665
31451
5050
20455
5049
12149
7687
14023
8178
16749
18641
31203
20412
26478
30894
32099
23814
24021
15316
31048
31961
10997
16436
8702
25430
30749
487
17221
24077
15851
12516
27913
20906
1676
27884
12330
17264
32575
22315
13318
22248
7226
19643
18641
24822
15851
24913
18102
12712
1
13036
13733
18102
23720
5166
9189
19575
24913
13580
26683
9752
26683
32224
32224
74
29963
25762
28851
30452
25722
16876
19366
11665
15528
12712
22315
30865
24385
24913
12125
19575
20455
31693
5049
32224
74
9877
1263
7226
3017
5049
15473
20412
21514
28457
22315
9543
20455
12336
24533
32523
14588
28831
16358
20305
2037
5049
9495
16778
21163
32224
30865
22538
20412
74
20113
29322
17102
32141
16403
11551
13986
7226
31514
6854
11665
10989
2508
30452
32337
1546
15344
7226
9877
20995
11665
32099
20232
9267
6528
13935
15851
22315
21115
28624
28247
32489
12023
29070
13618
15851
32307
22315
24547
12712
9681
18785
11665
24483
11665
20213
31961
100
74
31048
12571
15316
1075
12766
25313
24913
26287
12712
24822
14547
10465
28758
22735
17542
18962
5752
3325
20455
20455
18102
32099
23814
21874
74
11665
5785
794
18641
19766
14319
20673
12491
13986
74
5447
21115
32224
1339
13038
18650
5447
28311
2416
74
23814
8098
32224
16558
30312
16461
15458
27104
31750
31211
20418
3860
7465
27
6415
5049
24913
9877
12712
30260
8615
32489
17271
15449
17264
10653
12766
1258
28457
74
10522
15344
11665
32570
5380
4356
18641
5049
32747
6788
9752
28288
25190
29098
15365
1
20412
27587
8265
25722
25792
24822
5447
6943
5451
4271
32261
16387
17264
27266
14387
15316
25722
31009
22492
1204
1885
2951
1953
25672
20412
15851
18249
15841
27266
20412
15316
30749
31961
24544
20412
26024
16945
29985
21703
25554
9877
18650
2428
16738
20455
25544
5049
24547
31555
2680
32224
13178
25244
22662
16394
12712
5049
24913
15851
7156
24334
5297
28785
29963
25762
1087
24547
32099
10622
14306
4341
12712
5049
14459
5447
15851
9752
25003
2023
20113
14711
31957
10992
2812
12712
14104
12712
74
1204
30260
22315
3593
9877
24926
1
22315
18925
7901
20213
20846
7901
20200
24547
22125
32337
1
15316
11560
16494
3440
3606
15449
15365
23136
5447
22315
3440
15371
32570
22315
5329
5447
30288
11665
74
32141
1
18102
20455
15617
31296
22038
17221
2023
20980
74
12712
27086
8377
19766
22356
12712
15851
27266
10617
6693
5451
5049
29748
5049
13992
1626
30749
32224
26503
10465
16436
4472
13943
8150
3576
17961
20585
24021
1552
20412
5447
2131
74
28316
15851
15851
32224
5049
22184
28225
24547
16926
23136
32141
9877
19274
21546
11153
15316
27266
15851
15617
29098
18962
7368
30749
6107
28702
22315
13863
11392
18249
14387
9877
11665
32141
15840
30749
26503
17867
5049
832
30314
1
5636
22315
8315
18641
21230
17264
17264
9877
2417
32141
1152
6528
10104
6032
20455
9877
32099
11665
7226
32575
20412
22351
1
13580
26261
27266
22315
5049
24547
32570
32224
1152
10868
74
20455
22113
19545
22315
22315
16461
28851
17050
23200
23343
18539
6067
12766
32099
15851
23814
13580
7571
12766
10675
21645
25762
17292
20585
31961
21115
27266
8110
19766
7226
10736
8310
22315
27266
12712
9645
8837
23079
19766
23329
74
15851
11929
12963
14023
14018
25993
10787
24592
29098
21546
3120
24547
31957
5049
1
9877
12712
1369
18962
8605
13665
10617
2937
15449
23814
4913
448
10617
5793
15316
18211
8615
17206
11392
3738
15316
15316
31961
26683
17065
20455
74
24913
9416
387
16368
4844
5049
18249
1
22248
14387
18650
24822
20455
28753
3958
25722
15851
29288
31957
30150
11665
16494
28457
17445
311
12712
30260
32224
13580
21293
30528
24334
1
25253
16778
28285
1
25290
7989
29920
24334
24913
15316
24913
2839
11402
32141
26052
17542
20455
7226
23531
20232
32224
31957
1
23625
30528
30865
29459
15365
27086
2510
6528
12766
28457
21546
16403
11917
10274
27266
17206
32224
19575
19766
20810
15344
7901
26777
25122
12766
15851
3882
14820
18857
74
10558
4119
10514
1015
26842
8408
28069
25942
25616
13580
20232
440
29748
4241
14583
32099
13580
6872
301
7901
5291
9644
74
27884
32265
16444
7226
11569
31239
21355
31203
18880
24547
11665
16502
15851
6528
32595
15865
32377
19366
1
10433
28311
22725
10270
18410
26499
4913
24913
9500
11665
10617
9752
27
25171
5523
15427
10465
13580
12685
30749
12586
20455
17961
6067
24256
18641
15545
10558
5038
15851
17768
18647
15851
14387
849
24822
8048
1893
24913
20756
21190
1
24385
13986
19864
7322
20412
74
5834
22315
721
20412
18641
12769
23343
17500
20412
28044
21178
25722
32265
22315
10558
19766
27266
21546
10617
20412
28457
27876
3
2433
31957
14708
27913
74
20412
32337
17542
25122
22315
17961
2758
22988
5049
28125
22315
7226
12712
5291
10617
14495
27266
11569
24913
28878
26835
23568
8150
20272
25655
26771
22356
5447
12516
24483
31974
32224
31787
5214
25122
18211
10727
17206
23814
13127
7156
25655
9877
28044
5898
13943
29963
30452
4451
9877
32224
24913
27256
24025
17500
11665
20585
19766
10617
32224
4808
9877
3274
17500
17500
5447
30865
9508
20455
1
30865
19575
16436
30036
13178
24913
32099
21959
2131
7226
14196
14387
7226
16368
7226
7713
30150
8770
23720
24334
8110
26683
9251
11029
27146
20455
15865
24265
74
24521
20583
13426
8150
7443
18892
12712
30273
18962
12766
5049
11504
13178
18084
18650
17500
32444
5291
25722
12712
24547
19575
17500
9877
30452
1
10248
9956
21760
17502
28878
14104
17542
9380
22315
7465
15344
31669
27266
11665
2945
22315
23828
15458
2356
7901
17427
23650
5291
32575
25143
27266
32224
9877
301
32570
7687
7226
6217
14860
32337
24547
24021
1667
22184
7901
24913
19766
1204
2723
25722
8444
27
29748
12165
4913
25722
5291
28785
9687
30865
15907
7368
15268
12766
12766
5834
24533
12958
9418
23814
31277
28699
12948
5049
15851
25722
27961
31116
8712
9877
26902
11392
7226
7226
5898
23167
1
25430
20412
13438
32099
15449
6973
23720
19429
11402
22315
22125
4485
7481
32224
20906
25722
5049
15316
721
20305
27557
26562
27
9681
749
28225
31166
4161
21163
27266
11392
30288
9877
22315
4913
15618
12712
30452
24821
5447
24727
74
15851
6046
392
7226
5049
20385
24334
14022
24021
20455
25554
14104
15851
32099
19766
20810
74
15316
24021
24021
27587
15851
24913
18962
32337
30452
74
7687
18249
31693
31957
1204
25458
12685
29429
22128
27266
17500
17035
635
20412
24913
18321
22315
32224
15851
9230
14104
22248
1087
74
23650
20412
15458
15851
15316
27266
25722
27266
15316
20585
74
17206
10927
15458
19766
19766
15344
16368
25722
9660
26503
1
9877
3015
3
32337
24547
23343
15851
7226
9877
18742
27086
14345
11828
1324
24021
11015
17241
12712
24372
74
23720
7156
6040
1546
17206
28044
24913
32747
15344
31035
10782
22297
20455
6839
27786
9956
20311
1065
5447
15617
12784
3369
30509
74
12712
20232
14104
5447
7551
19366
3053
30805
5834
11665
18297
26683
32224
5049
22315
15427
7901
21454
30805
21331
74
19545
24547
32570
24021
29929
26462
15851
21760
9380
25722
9752
22315
18641
7226
20412
17500
24913
29082
12712
25722
25436
22315
8912
27961
10675
1
5834
17500
20455
24021
20412
15851
9267
27448
74
1178
15316
29322
8048
15192
32337
31957
2911
20906
20455
15125
25122
1132
22449
17511
17642
18962
3440
15851
9752
32141
12516
12712
18474
14674
27214
11392
4913
5523
16630
20412
15344
1
27266
20004
15865
14023
19366
74
5793
5447
4183
25655
20485
10927
17206
10248
30865
24227
17500
15617
27266
22315
24385
23826
20412
26478
19981
16358
21546
28498
23814
24021
27916
23817
1546
3833
16358
2023
23136
30712
27266
1
12712
749
28509
15316
5447
30749
9251
19366
28498
22315
24547
2558
8490
17500
13943
20583
1
20718
29410
32337
10363
23795
32224
24547
15851
25722
6788
1
15301
22396
11179
15131
30499
9251
3308
11551
23079
31957
28464
20412
21115
12165
18650
9105
74
15571
4841
27587
19575
25430
27134
11665
15316
24913
32224
5793
29098
24547
10362
12658
24913
15851
30499
24913
15391
30260
32224
32099
32141
27266
21546
28785
28878
28785
15851
30641
32099
32224
31668
5447
737
1359
25722
32099
29098
23814
74
23568
20128
9877
5447
30865
1
24372
21036
28457
13057
19681
32570
2508
31961
9836
7254
16403
32141
24913
18641
22315
9877
32570
10558
27086
29963
20836
25543
32224
6795
7226
18882
15851
24644
1
23650
27961
32382
23167
5049
10158
32224
4364
14119
27587
15723
25655
25762
8214
10775
10675
15344
24521
20906
12712
29475
635
13036
4751
30260
27587
5049
17406
9877
25544
24021
1922
14116
11665
17511
14675
24547
19754
23167
1
13580
29733
21760
15851
27
28316
24913
32224
24547
28125
16632
392
28457
26198
2839
24547
14387
22497
19842
15316
29753
20412
30209
22315
15458
20906
27961
18249
28137
11689
17703
4913
24533
31116
22315
2951
7226
2023
2839
1132
13127
9508
13499
27587
6866
7226
30260
15620
32099
11665
11504
17500
74
31277
15851
9640
28846
4913
14743
13986
10914
4913
20412
18410
1087
6528
7226
15316
32099
24334
14023
13527
24913
2023
6872
11618
13446
1
9380
5447
22840
8837
25580
1
24021
32701
17248
18249
5049
17500
26683
30150
26683
32453
13986
16810
2813
32224
22826
14023
20412
11665
17406
20412
9687
1973
28624
2134
29052
24822
20412
74
28975
4364
5451
13986
4364
5049
10131
9877
25722
4990
20455
16558
10727
20980
1204
6600
22315
5447
794
1
15449
27266
22125
32641
20583
28846
24265
32099
3971
15046
24822
16336
12712
1
8749
1
22315
20906
8377
27266
15345
4247
21594
17511
31166
19366
24547
12712
74
32224
27266
12712
8150
23720
24547
9752
3084
20980
9119
13127
5447
11646
11015
27266
9877
11569
10617
21594
32099
25722
32575
1403
22750
28024
5049
15427
28785
15316
20412
13036
24913
28785
29982
15316
7847
27104
22066
19766
24913
12933
15316
1676
22315
1604
17022
1369
12712
11665
18102
28236
20906
4913
12993
11959
32570
31514
2416
1315
17500
32099
7226
24913
28561
9536
31203
30865
24265
24021
5447
5049
22315
5447
8315
11665
5447
9752
28316
32099
27266
15427
19039
32224
26052
27636
2937
15851
13426
12712
5291
12766
26903
30072
15316
10365
28457
11665
24547
12412
23136
5297
4477
27587
21454
5049
32224
20455
21115
16632
13628
74
9843
2937
30712
17961
17500
27913
9267
10965
11665
27266
28851
15201
7226
21163
11665
15344
4247
7994
25722
32099
12064
9877
1
21163
32224
9077
8353
74
22125
32224
15316
25722
24719
24899
16882
11569
74
74
207
17206
15851
32337
25722
30570
17511
9077
28702
1
14403
12712
32224
2023
17144
15316
1973
1626
28878
6017
15344
15455
25722
17542
17992
30712
9380
22315
24913
23950
3742
4364
18641
19766
25646
32099
10051
11665
1953
23329
32099
13943
28624
15851
11828
2847
29661
15316
25545
2059
20412
20455
12919
31961
32641
24913
22315
15851
16553
8770
17542
16142
1324
28624
31166
28624
27266
6416
23167
23136
20809
32224
18102
1565
5447
20412
2508
88
24021
30260
4712
11665
27460
2508
1347
31296
10634
14390
8988
26322
5631
12712
30260
9508
1315
32575
29486
32099
10515
30150
3440
12712
74
5523
25722
8150
20026
10505
25286
17500
32337
28558
18454
5049
11179
5049
27587
5631
5447
32099
27
20583
27913
30995
28796
19632
1626
27266
17898
5661
28137
24676
27266
18539
9877
17542
20455
32099
9310
20311
21809
749
24547
23329
18102
20412
12223
20412
5834
23814
4913
24483
7901
32224
3896
15851
24547
26559
24822
25722
18880
30894
28957
2685
17500
5380
24547
20412
5291
31362
15851
20412
28785
27266
11828
24735
31203
24258
12712
5941
28316
32099
24021
29098
3017
29322
32747
21243
29322
13043
30749
20232
5049
3688
7226
32099
3440
19766
15316
18249
24038
32641
20213
8150
74
526
14171
9752
74
1
2356
27989
74
5447
23995
9380
11310
30260
22315
20455
18249
1
31668
30008
17050
1
9267
24025
9877
24913
5941
1
31961
15316
1893
14459
19366
17972
9302
20455
11699
8657
7796
31957
17992
6866
4364
15316
25222
15316
16555
27
28844
5834
5049
5049
12712
32141
26559
1552
27767
32099
16137
3440
7451
1626
15316
13943
24385
27835
9877
15851
13827
13618
18896
6866
32099
10788
27266
18249
7279
17500
24547
2643
24776
4119
25722
20676
17542
15617
11000
13438
9380
20128
20412
5291
13580
15316
244
25672
32099
11446
2508
31961
24021
5049
20455
23720
4364
5834
22224
74
12165
24547
24547
27905
29986
10046
5447
20412
3896
24021
4379
12712
24547
30864
5291
25122
27266
30150
10537
17992
28017
24021
19366
27413
16799
11641
20583
15772
4283
24021
17500
5291
15851
1
19068
9251
25798
1847
23720
13580
10849
12712
31961
74
9077
27
9752
5447
816
5049
5170
32141
20455
16476
2951
3440
14624
22497
9877
17264
29322
18813
1626
19766
15458
28225
31116
15851
12165
11504
32575
26139
1
24913
23046
7368
20128
27266
31203
28316
24443
12712
9935
29275
12766
25116
16403
1546
30528
22465
23497
20412
4146
28316
6871
28316
11569
15316
12712
24860
10782
8472
9380
9543
10465
16930
26503
13605
5049
5297
17500
28311
26010
27266
23628
2134
32099
27365
28991
21115
7901
6146
5062
10617
3576
14119
25993
8417
9310
7901
13605
13426
14390
30619
11966
12712
20427
26503
24913
17542
32224
19766
28624
17406
9431
23814
24547
17264
18539
7687
5049
14186
6673
15449
8150
15851
21167
26683
11665
6881
23518
27880
13036
22315
25463
29661
27365
30805
15851
28785
28044
21554
24913
17977
17500
12712
7226
24913
27266
24913
25091
11569
4561
32575
12712
794
30150
32095
25655
27266
27
11665
11956
24547
12477
311
8912
5447
2951
32575
21594
24021
15851
6697
17642
28400
10348
11959
8702
1204
18962
6017
25722
1
12712
4914
15851
9848
23079
15316
536
9752
8408
5049
5049
19766
4751
8408
5834
4917
26309
10617
24547
11392
8098
25993
1087
5631
8410
15344
11626
27913
15458
30260
7226
20906
24318
28311
24005
12723
31693
32224
8309
19575
16436
4702
32224
5447
13036
24533
27777
20906
27723
20455
30865
28339
22315
1565
30749
16494
15851
15316
17500
5447
10666
5447
31259
24547
32224
2911
24913
11446
22315
28457
13580
26478
25735
24547
24547
27587
3742
29756
20810
1
24899
23753
17511
6107
7226
15851
17326
31116
17739
21900
23814
15316
7551
11828
22315
12316
28878
20455
12712
9304
9877
18102
1
20455
24021
15316
28498
7687
7226
14149
31693
24133
1626
32141
8150
17500
23650
22454
3882
17035
9877
29314
31980
13580
12165
1
1731
5653
20412
32570
16558
30528
17153
20232
3411
14428
24021
32224
21546
30864
27899
5049
18211
12327
74
2417
8110
32172
18084
18470
5793
25993
27266
24021
15851
11665
17035
29999
9380
26902
2023
27251
28702
19575
32224
794
28044
12712
16137
2081
15851
19798
17469
12919
24913
24776
12712
15344
5049
5049
17542
17500
74
2839
12258
27266
11665
23167
27266
25722
17542
8999
15344
30288
14387
25122
20221
7901
9310
25762
1
15851
6881
30260
27365
15458
1
27266
15316
13036
28316
5447
15458
24021
9380
1885
24547
19803
14186
31203
25672
30260
26462
7226
15316
16165
4257
7808
32141
15851
5898
14104
6788
5451
7465
1
13426
32535
32099
24021
31957
27365
12712
8814
21115
28457
12712
24822
18410
1393
243
16436
31699
5631
31787
12993
17898
7551
18962
5527
17500
17206
244
20412
25430
28091
9877
794
32224
21139
12571
17992
4477
3355
13605
17166
1663
16436
7245
1626
20455
7901
12712
20455
17206
30325
22315
12712
5447
25722
31798
13986
18925
1626
6893
30152
5482
32108
10515
5315
4913
20412
1
20348
11045
9681
17035
23343
11544
17500
29098
17542
9508
27439
2023
8309
19803
32224
32224
17221
29322
23167
26192
17878
12923
19575
32446
20583
12712
18641
8110
1
17500
14149
5049
15458
28498
74
22449
6872
31203
6979
24913
7782
14116
12165
24913
25655
19578
1626
3817
15344
6693
5007
4808
22315
5843
30889
5049
27767
18079
32099
11665
31296
17500
22737
5049
5115
3693
26247
19308
15316
20585
10617
25722
22315
30305
2131
11665
3847
2723
8309
11179
24021
28125
16826
17468
12919
30865
16933
28044
14023
1667
5049
15458
30708
12327
20232
2508
9380
31277
6943
12784
1
27652
12712
21163
24038
27518
6158
32382
12766
3820
22125
23814
25122
1577
21311
17898
8365
31950
27587
21129
14387
24860
24913
32224
30273
9877
18410
5160
20583
23892
30150
32570
13986
7226
5447
8615
22315
20732
20305
27961
19575
1324
31203
9877
12327
32224
14256
31549
19766
5049
27266
17206
24558
32224
9267
17500
28044
32099
13036
20455
21163
1
24021
22125
11646
1
12766
2063
7226
5447
19681
1
5498
25722
26005
1
7782
25253
1
5447
18718
11853
8136
25554
5049
24021
25314
9877
5035
1
24265
15316
9380
20455
12712
8150
17570
17895
24547
19867
11392
27266
4012
27149
14104
28785
29299
20455
4580
25165
7226
6085
26503
20455
18641
22066
16913
1973
31277
5447
794
21454
12712
24913
14562
30150
12571
11665
7708
27266
3440
29475
16358
9322
325
25722
6866
30260
832
13992
9877
11665
17050
20412
74
11179
30749
15365
10966
13262
4734
5049
20455
8150
19578
21594
26924
5902
27831
20412
12712
14605
1
28878
17542
21036
2937
6895
6158
32489
32337
9251
5049
9380
27266
17326
1
5447
17455
733
24913
27467
11618
8062
5049
22393
12712
27068
6189
14149
21546
19900
28457
10960
20412
31203
6866
7226
74
22315
31222
648
9877
10727
1546
11153
7451
20455
74
32224
28176
23814
4562
13943
19575
18950
7687
28457
12524
32735
31134
12933
32141
7226
1
7759
8746
1
25722
24021
24063
11665
10617
30260
1626
28137
24860
1353
11665
24144
25153
5297
18650
15131
26730
24021
2356
17241
16578
22315
24256
20583
25672
26683
74
24021
15133
30865
19366
1546
8408
8966
5269
31957
24913
14319
17542
12712
12712
24265
5735
3017
1315
11569
27439
17542
2510
15268
27
9877
17206
15098
904
1
12712
6872
32641
1626
20583
15851
32575
4926
29738
24021
12923
29098
28624
16776
25722
1087
7901
22315
1585
15316
1
32224
20455
25722
24944
11504
13943
1
16436
11392
23167
13438
832
17326
17961
6085
5451
14403
24809
1
25430
26419
31203
9877
8315
27876
13677
32099
8098
23814
31811
17703
1087
22315
24822
32224
9877
28311
21355
20412
32099
26094
13986
5049
25722
5091
74
20534
24533
74
26474
27266
20412
17406
31946
30113
20412
16578
24913
7465
6067
74
9093
15511
17050
27266
32679
24547
29322
23291
15851
32224
17823
22315
74
22315
32610
22315
11569
14387
74
24766
25722
23675
27086
8110
31203
25722
15449
25554
20412
23586
24265
15125
32099
12766
12327
27960
30247
19766
26503
1324
5297
794
17050
22973
22315
29322
30749
17206
6046
16383
7226
74
2356
15316
31446
23851
22315
27266
15344
17326
11665
18
8110
24547
8746
17950
30260
32099
32141
2937
22248
16275
20455
17206
20525
27266
27961
31710
11665
5447
25430
25554
32224
15851
28069
32224
2356
11665
32224
5049
25481
28752
14387
31974
10160
32575
12864
22315
24547
5447
13580
32641
5752
32224
14387
27767
1604
12006
32099
22735
5868
16778
12766
1315
9877
12766
20412
19766
5898
5049
9251
18641
27266
5447
32099
24021
27266
9500
4184
31277
5049
22735
8110
20113
9267
22396
24183
25544
6895
9877
22315
31699
25672
25722
28878
24021
15367
13986
7022
18297
15851
794
11665
3440
74
24547
28878
16926
12766
7901
30452
31961
74
10989
11045
30150
22315
24547
6673
19578
16298
5049
2023
15316
32224
27913
9877
14404
32099
5049
12321
24547
5793
28878
5447
22315
25554
25926
20455
17500
1922
5753
28137
9267
24385
27
24913
23814
5793
22360
5049
311
3440
15617
12712
14156
15449
23343
27266
24470
23167
19900
23343
1667
19575
32224
27587
27831
32224
12712
1
11569
9877
13580
12766
11665
13986
9349
15884
857
25993
24547
17900
3325
3440
30499
23814
18896
22248
19766
22315
27266
24021
5451
20414
1
24021
24860
28853
3290
25722
12712
5049
32099
16835
3440
11665
17206
23136
14809
12137
7226
21329
27266
13664
24547
6866
1204
13146
23136
7226
30641
15851
15458
20412
3369
28225
28457
23942
10778
15458
28125
27402
22000
14104
22315
2703
15268
15316
325
1546
25122
23814
9687
20542
4505
1393
26192
30956
5049
23309
6788
7226
32575
9380
17500
13426
32595
648
31957
24776
31203
11665
1393
27365
27987
24005
12712
18641
20718
20412
6693
10924
1333
74
28411
28044
4364
21792
11665
11852
24258
5291
15851
15316
7207
1258
30805
20412
17326
9230
24021
19632
7901
21760
24913
7308
32224
23814
7426
15344
18641
20906
9077
26004
24547
31957
11392
27266
12712
15851
6673
30260
3404
6003
12766
9752
32597
28878
22735
17768
24913
31203
11828
10551
6866
32099
1
23675
20455
24547
17500
31356
24860
32224
2160
24385
24385
29661
9752
5049
10782
29322
8922
26503
6872
1731
15427
5685
15851
24133
18410
28787
31925
25722
12712
32570
12712
15723
21355
28000
9508
5049
22315
7465
8315
32667
23079
22248
13986
20412
21255
9077
22248
28526
23548
27636
2937
31203
20412
1
12712
31974
28871
30646
24025
13986
15458
25395
22248
10465
21728
22047
28044
20412
5049
25655
22315
9077
27876
27266
15449
15427
23547
2356
9877
11665
29847
22282
22497
27767
3440
6658
15449
7901
30712
14023
24021
10248
5049
5291
15617
30615
24913
832
9877
7226
5447
24232
5000
17992
9267
9752
8150
26503
22846
32575
30120
10927
31016
20455
14319
5214
28125
27984
32224
13986
16850
832
20583
11179
23965
16358
12516
25544
22465
11569
25430
6158
5631
9508
74
5447
32224
20412
10896
7308
17500
12106
32027
11665
1
8214
13258
15865
15344
30113
17898
16336
11665
32224
26683
13943
17739
8150
7443
31253
31957
2131
20519
27587
27266
14674
74
17500
24021
4917
11657
10478
27961
4632
20412
25672
26419
30260
15851
5834
32224
7226
20455
5049
31697
11327
25672
10927
32099
25722
19068
30260
20455
4364
16358
3479
24483
20969
27266
14707
24547
5447
19981
22315
22449
15851
1626
12993
20455
11665
14909
17542
11504
24021
2937
22315
31798
12712
3440
24547
15458
20583
31682
11665
22973
24547
13438
5631
19766
1
16926
20585
22315
24877
27587
32141
28236
832
5208
16403
30452
27266
20412
14547
1
24483
5049
32459
20113
22315
29353
13524
30509
23720
24021
8770
74
8309
24748
25523
24547
5447
26847
4988
23650
11665
20232
32570
22889
24265
4913
23167
18747
11665
8150
1367
7368
17500
3878
10505
8377
9380
24547
1863
13580
18962
22315
13514
8817
12933
6788
20547
15111
15316
12491
5447
1477
7901
23720
23828
5661
74
15316
15449
32641
15851
22315
32099
27266
13195
16394
16336
74
20128
18378
15841
20455
17917
24547
30150
26503
27587
18650
15851
21115
334
1
20455
20232
2452
20906
4364
16368
6904
16436
1
7800
16336
20455
17666
20455
32575
32161
32735
20455
20583
32575
32099
11504
9267
17542
27266
27266
2810
20412
27086
18249
24334
15344
2510
10270
16046
15268
29963
15316
24144
20455
22248
15851
22315
14123
26924
32099
28316
4702
74
22315
74
12712
15851
17511
15851
7226
74
8315
22315
2417
15460
20412
21804
4364
1087
20232
26132
32489
25646
31957
12026
26419
27266
6528
32099
20164
15458
74
12712
31116
5049
17860
32337
31699
5447
6541
23161
11665
2878
18367
28316
15316
9877
12933
11551
12712
5297
4306
31523
11179
3799
14816
29753
1
7551
24021
24021
2045
15851
24021
7226
28457
24547
20750
27557
17264
311
17050
16436
15449
1
17326
20455
28176
17720
7901
17500
5743
5447
17768
11665
27
74
15344
10617
20010
11665
11431
31032
5447
17542
20412
6168
7687
10617
15316
31116
17153
17500
4501
15316
14104
12712
7481
9508
23814
28236
20455
19766
24547
9877
15703
24512
2935
17103
24334
32224
11198
24387
16951
20583
17035
17542
15344
74
24334
11519
2752
25722
24913
26094
17206
3017
1
12712
74
9877
27266
5779
21355
8309
19766
18102
27266
15458
74
18102
3971
14743
2364
13892
29098
1626
27
6067
30452
32099
20455
29640
23814
30229
24547
13261
22315
6288
27266
10069
12766
10131
3440
15617
26503
8098
24547
15851
27266
27266
31693
24547
1
25843
27961
14850
17264
30452
18084
24860
5291
5447
11665
6101
17500
15277
28785
26982
15851
74
17992
32224
5049
22860
15427
8150
32337
31485
24021
8408
2569
2127
24913
23167
74
31974
10558
11646
27104
29110
15316
5793
30865
7368
30512
18641
7805
27266
23726
32099
27086
12506
7226
7465
32141
9310
24547
18002
11665
301
12712
22315
13580
13681
5447
5447
5578
20412
6872
12712
1
18641
5447
30150
15723
22315
13879
16137
14104
8309
31961
15316
27831
20412
15458
22863
22248
14321
28137
13986
15851
16753
7226
27266
20337
16503
24547
16368
20906
10617
19274
11665
16358
25722
832
19766
29712
9304
24913
23182
1204
6528
26503
32099
17264
7245
19575
24547
13036
12766
32265
15211
9110
25554
20412
30865
15316
17500
13281
9251
20534
4119
20412
17206
28457
15458
14860
12712
20455
3750
19805
3997
27266
19575
25424
25540
7226
5297
17326
24913
20412
9543
15344
14104
5208
24021
17961
20455
12712
2608
9681
20412
16864
30528
17500
5269
20455
4751
17035
25722
12993
22315
23650
5475
25722
22282
17500
17511
19575
13160
25722
3167
7465
24025
8940
18410
74
1
10073
9877
27266
32224
22315
21594
11392
16336
5049
6872
18249
8922
20585
15344
5793
12766
7451
21331
28149
1885
25722
20906
7368
22315
18650
11153
24913
24547
22315
301
9357
20455
2937
832
25722
15851
32224
18410
14023
2023
30056
5631
12650
26503
311
16461
29797
28044
6715
23299
11665
27266
22315
16433
8315
5898
7226
15851
25131
26503
24547
17153
14390
15851
11665
13943
9119
27266
19140
8150
20455
14104
5054
5049
11015
15851
7226
5375
25554
24547
20583
32224
5291
24385
20809
17992
4177
5447
19006
13986
6428
20455
929
2287
13986
8110
5006
15851
1
22735
1087
3873
30499
17469
27876
11569
28878
14149
12006
1087
1626
27171
4159
2951
19981
1315
26609
19575
5447
27266
25436
26309
32224
3543
5447
18896
11665
19766
5049
13946
24509
334
5475
23182
18084
13078
17427
24860
3369
20389
24555
32141
20412
12712
10617
22315
15851
13098
31277
31203
24547
8150
23343
32224
26683
5049
20412
27104
24732
549
74
27086
15365
13580
74
14104
17542
5049
2303
12712
30957
16835
5049
24547
5049
6407
25646
15316
7226
5447
26478
15206
32099
20579
2023
25672
28044
5447
1477
25122
11569
3167
27768
11665
6874
8315
2723
24021
17053
18148
23518
23650
5049
12330
15316
20412
7994
21594
24533
32099
25655
9380
25122
1614
9231
26503
18102
31961
27371
30894
11949
25722
15851
10558
31203
25463
13943
10617
17500
14104
22538
9687
15316
31684
22534
7226
15344
20213
11665
23518
28104
9877
15617
17153
20906
28125
24913
27266
15316
5049
31405
7226
30260
24021
30150
15851
30238
24913
19183
18102
18816
24025
32099
7226
12687
11665
18962
24547
15316
20027
7226
7330
30499
25603
25722
3833
30288
9990
1
1393
27266
10727
29509
32224
15316
9877
885
14188
25248
30452
5447
5631
30641
20455
32570
25543
12712
28633
29985
28878
32141
19754
24334
12571
12403
28339
30452
27266
832
24547
16864
20455
5834
5447
5049
12165
74
18717
25543
24372
24385
12712
10992
15851
11665
7226
14575
9267
22125
25165
26683
15316
32265
1087
20232
7503
28316
11665
17542
18880
24547
5049
22248
15316
19900
11665
22315
5049
14095
27266
16776
4698
20124
9877
13677
19766
22315
12766
13354
1075
19575
22125
13986
32570
20906
24265
635
29711
17511
23656
31974
14841
12712
32141
1087
21967
14104
15316
17264
22315
6040
16358
17542
15731
25460
4247
1087
6158
5898
27266
1893
30260
30673
18551
23307
24547
6881
2937
24822
32224
32570
26192
7226
1731
32224
15851
22248
21115
15617
20455
1087
28528
17500
12302
27266
13423
15026
32616
6528
20953
31961
74
14104
11551
24765
20412
5049
9555
933
32337
28044
22921
24547
1546
15427
15137
8192
25143
27263
19454
19632
27266
25122
5984
15344
29957
7011
21454
15851
32224
31203
7226
22315
19766
31203
22315
3440
14387
32489
32224
5447
4917
16245
24021
20412
12029
12165
31974
12412
15316
17206
26156
28311
20455
18641
20355
8150
24547
9251
31961
30499
31356
24899
32489
22315
32099
30749
20455
17500
7901
12712
27334
20906
31957
32224
9380
9310
776
9877
5297
1
18102
15851
14149
74
32224
32337
25722
17500
32575
26084
24265
27266
11959
635
32099
16630
27135
30512
6895
4548
28316
25722
18211
24403
31961
26261
29963
5049
25722
19068
10782
16137
8309
8843
334
5049
24021
6866
14860
1546
5291
4947
12712
11665
16336
20583
30641
7226
22315
2508
29929
5447
7322
17511
8657
15860
7368
32224
9251
32099
32099
23720
23343
32224
17500
27253
12614
22315
19575
19545
17500
21167
32489
17542
5038
19575
1324
32099
23167
30452
13072
1204
27266
22360
21546
1152
9877
32224
9284
10280
749
5049
25655
32224
7901
32141
24021
487
13438
16838
15841
12712
28339
20412
7245
22315
22921
32224
28110
19039
17035
18410
22315
27266
12712
11646
30749
31693
22315
8837
12712
4247
30452
5049
11793
18249
27831
32337
12712
27587
24913
23720
13537
19632
74
8110
9877
15316
9956
74
13663
32224
16461
1204
32224
15865
32534
22351
18224
25722
30238
15851
30150
18641
32224
27266
30829
392
30260
17406
19609
5049
22315
20455
15316
20455
15316
27587
17500
18350
5447
20455
17500
24021
16358
24913
28125
20412
15851
9752
28339
10558
28146
7465
1
32570
21565
18539
20113
28339
7123
27266
25345
14104
13604
20338
10617
30273
12766
74
3440
25722
1
20906
1546
12516
15851
18102
2158
15449
7226
1087
9877
74
6693
27478
32337
27266
20412
410
1847
15851
2059
1263
74
24513
24913
7834
1
24023
9752
2131
1528
15617
6872
25722
23343
19218
30512
20835
22315
15777
24533
23944
30712
3882
2510
5447
1626
10666
25722
1213
19575
24227
27587
32224
32224
24256
27266
20583
28225
12313
5898
15528
19575
17542
7901
11665
17035
7226
15268
20412
20232
9
4364
7764
32224
1152
19981
74
11837
24913
15458
8150
27587
23304
10727
9025
16461
27661
2637
6107
14605
7580
74
28702
1667
28785
27266
24021
28730
24021
4632
24584
24021
10270
20585
25762
3440
32224
15316
17427
32224
7901
10782
13280
19366
13637
9508
13580
27266
20412
32099
31203
5898
24860
23167
26924
25543
18962
13036
1
74
25722
11402
28871
28208
25722
15316
7465
16835
7551
11665
17500
26902
9877
28457
22315
24913
20455
3239
24385
32337
24021
3440
26309
24533
1
24547
8408
9416
11665
17549
17264
19657
30865
3606
22315
23989
18102
20455
5049
8988
4732
1
10531
16368
20213
25722
27266
17500
816
243
27831
26588
22712
25554
1204
25122
2839
16835
31318
7226
28044
26503
3440
23628
5447
28725
7226
32337
22315
1
17264
5898
31961
18102
18249
1
22799
5447
8150
31693
22315
27587
25211
13986
11665
15316
7226
15458
24397
27266
9124
15458
5447
1
15344
18962
4119
24025
11030
5941
23046
29605
24860
1999
2937
20585
24913
23720
20906
12208
31203
10683
13986
1087
28567
3625
18105
1
20455
19766
1
5898
74
26683
11045
9508
1626
24533
9877
2023
19068
6107
19766
7754
24547
25722
24021
11891
10558
24913
23814
20455
18717
20427
25436
24547
22725
7687
24385
15316
12766
20418
11665
29322
7465
24913
27961
24385
3896
14442
10363
10519
8516
24934
30712
5049
28785
8980
4364
13368
32322
13986
29322
23548
22811
19931
9281
23167
14306
27652
18410
8365
27266
16436
5166
7652
30281
11665
15316
1315
24822
11959
24913
24021
18650
3645
27587
11000
19766
4247
16835
22248
74
20906
31120
10164
16137
20412
12933
2510
26778
24547
15851
4913
15511
20810
1582
11569
18055
13986
17050
27587
6729
20583
6895
7090
20412
20412
7800
17511
18650
31961
8837
25614
28044
26478
11551
30894
17264
23706
15316
18410
30712
32099
11665
23167
20455
19766
23814
5297
20906
150
7901
30865
25860
31957
29322
11665
22315
17542
5049
7226
14903
24547
5898
1748
1
27266
20455
20810
17768
23462
15316
16558
7226
24547
22538
74
30747
21935
32224
12712
1546
13193
32224
15427
20455
24385
15851
26237
24144
20412
7901
8150
7226
5447
24021
32224
1953
3135
24913
1649
14104
31116
25122
74
22315
12258
7901
22248
9877
29634
11665
15851
10027
22315
24913
4917
26503
30260
15316
1
1
8354
628
19545
6969
20585
4915
23549
12926
32337
9877
15316
19766
21163
25166
20583
24021
15851
5985
24860
11665
5447
31277
794
32224
25430
16926
19575
27266
15851
28329
21546
27266
24913
1
1
28457
29098
7245
24913
30260
18962
22315
31957
15865
15851
17500
1020
28311
32224
15851
24547
19366
10617
3527
24051
17500
4364
16776
31203
27587
4247
18102
19039
26084
7465
10617
14306
10392
1
23960
14104
22860
19419
24004
11153
4247
31161
11392
5269
1
1204
27913
21163
27652
5447
32099
15316
8770
28304
13580
28311
28579
9752
5834
32099
20455
11551
24913
7736
19068
20810
32224
3440
21036
20583
179
12931
32265
19766
27266
1847
14860
15449
12165
32099
32099
19285
20455
17493
1
24913
22559
10927
18410
12712
18321
5049
11392
20455
15316
25921
20412
3847
24547
13943
1
25056
8527
2680
1893
5447
22477
12766
12165
22735
74
74
30894
32265
26084
7245
17570
4808
26713
5049
14104
1087
3882
721
28375
6693
7226
7226
1626
28225
15316
8615
17221
10751
7465
5291
24913
24860
15316
14104
3015
12712
10558
1204
24063
9077
5572
14433
20810
12712
5049
15344
17992
28762
24822
16630
5898
25722
14071
16729
832
25430
22951
7465
19754
26696
4751
25554
30093
9251
30150
20455
19578
4189
15316
15449
9380
24533
22297
15865
24907
5049
32625
11569
10617
29963
18212
1582
24822
7994
16167
28702
28457
30260
1087
74
19545
832
29234
5049
29706
28753
2131
4364
17153
24822
15617
15865
26342
306
8150
666
25722
26261
18962
16436
23720
20232
27365
7465
22315
5661
20412
25463
29566
32099
24902
32224
11665
12137
11569
25722
15449
1
20412
5291
1393
22315
12810
12690
24021
74
17500
1
28753
12712
1152
22315
3440
22315
794
5447
30264
27551
11179
32224
18410
5447
15316
18962
12993
14118
9752
74
5049
11665
7226
10646
25722
20455
27266
20455
30889
27905
15316
1
1
23720
9151
74
19068
28878
14023
15715
11665
9877
20412
28235
5049
28785
24822
13438
5661
18572
25616
18410
10751
9508
5564
32224
21167
23814
8388
929
14104
22315
27767
1
5984
7713
16067
15449
7226
27960
12712
24547
25122
29963
16461
21163
1
31203
12712
31957
24860
15344
32224
22281
5049
1
16461
3971
17542
15723
32099
8766
12712
30945
30452
31277
25543
30865
7022
2162
1953
10727
1315
10694
733
31672
7308
27104
6528
17500
6438
18641
1626
5049
5447
20455
20213
15365
32337
27266
24822
5049
24547
25436
6301
17500
15851
1626
5283
10248
25308
17768
15449
18839
22248
26785
4364
26683
15316
18880
22396
5447
30499
31325
8309
8782
25722
24913
16926
12892
20980
18102
13681
10617
22282
5049
6979
7527
19366
25722
15458
20412
18125
24992
19183
18321
4763
17500
9752
24822
12712
6231
20455
15427
9489
7226
9956
20084
24547
24334
2569
19931
2023
9310
24144
23167
29429
27266
8365
17469
14104
17500
4146
18249
18102
15449
4913
5091
15316
32641
17500
27767
18869
17241
28702
30452
26503
25045
5049
26342
22846
28225
30288
13580
5898
8988
11665
7226
4913
5447
12953
20906
18650
5199
27266
9508
23079
19366
18102
9752
5049
14104
13618
10061
74
20412
1087
5447
8408
10248
31551
21355
7226
11665
16165
7465
28630
17542
30749
15316
17500
9877
28457
7901
21955
24144
15449
30805
28066
11665
7226
26721
25544
24021
10558
17153
14018
27
10617
24334
5447
6528
20455
31203
25554
8408
20412
25722
22735
12712
5447
20181
7551
31203
26591
32224
9877
20412
15851
19578
22315
11015
22315
20455
28404
27602
10617
648
19575
24547
5083
27104
11198
26084
20583
32224
25819
18102
832
25762
20232
7451
24021
28110
4364
28311
11029
7687
24385
24779
4364
28878
20412
32099
31957
27266
29963
1
17542
20412
27266
25655
26683
11239
19766
13258
20232
27266
27261
17511
31771
32099
27
5451
20455
2023
15316
5447
31152
19609
74
1953
17768
25672
30260
74
5898
7226
5049
15865
26683
31682
15851
3726
22315
8703
74
20106
6127
9877
2508
19039
282
18641
24547
14023
5447
15449
5447
24509
6146
9267
30712
16673
11665
27086
25045
5818
29322
17898
14023
74
20455
9752
12712
19220
1847
26462
7226
11665
8110
18410
10617
17878
13318
26562
19754
13943
28037
1204
13127
22315
6036
7207
26559
17206
32099
17542
17500
3053
25722
7226
74
26384
5834
27266
27
14605
32099
18249
28457
17500
7322
23079
20412
21947
20906
29930
28722
32641
17406
7226
11569
24144
5525
7901
24547
1953
16926
7530
5898
74
17542
15427
20455
2510
15316
1
32095
24303
25860
1
16458
1
20810
20124
32099
3833
5049
5049
23720
16298
27266
1
19911
13618
8980
2023
20455
5049
5049
5049
15458
22735
11074
9618
32224
74
22559
16403
27266
31253
7245
12712
15765
20583
14387
17208
21241
12766
5049
29900
9877
5049
12712
24021
31253
14387
32224
9251
10087
26683
24105
1
11665
26683
27
28702
17898
8150
13525
17500
11665
22315
17719
12685
10966
12712
7123
26309
32224
32616
7226
22184
22315
2258
6673
9566
13943
11665
20455
7713
88
3440
19975
28457
22396
30017
3239
15316
24265
7465
30641
7465
4808
74
12396
14023
32141
14104
13943
1
20836
504
18743
25669
28785
26499
26322
11045
1087
17406
12712
17542
27086
21594
10751
16578
5049
25868
19068
25586
32641
22270
9761
11665
16926
28156
12766
18539
17511
24956
27913
32224
25722
5898
15316
14149
32570
28316
29768
1565
15851
22125
6528
19766
28785
29427
14898
27898
8866
7465
25722
5907
24913
27399
301
24766
32224
28457
74
14023
32099
17406
13618
1339
25722
3625
15344
27266
20455
25762
28457
1626
22315
18641
1953
2937
11584
25722
9543
26309
28230
20455
14023
24500
28851
32224
25722
31277
28044
6430
9380
11665
22248
27174
8605
2839
22607
9877
74
27135
2951
18102
31974
20828
7994
231
16926
5898
7226
7226
22735
4896
24025
24021
13514
15449
11551
1
27266
8954
20412
23235
24547
20412
19575
12712
32141
25722
16494
9956
31787
16440
10782
19632
17500
24021
209
22315
11665
17511
32224
10522
74
20347
30333
30749
7151
22315
7013
9322
9877
24021
12712
11665
32224
20585
15316
13618
11665
12571
32009
18923
74
1
6621
22177
31837
24021
31957
24547
23720
12316
19863
15723
21787
15316
12613
27266
18321
31957
24944
9752
74
31116
30712
2023
7901
15851
22315
9752
12332
23518
4808
74
18650
29107
1152
14306
20232
1
10622
1
18102
334
1152
5049
19754
24947
30452
20128
5447
10927
22270
32099
31277
12712
16368
32330
24913
5269
9416
32141
20810
3625
15316
32224
3364
25842
32570
28851
32203
18043
17898
7901
15344
5049
30641
20980
20412
22538
74
16389
8980
25430
32224
11569
9267
11569
1
12712
24913
24956
11665
27266
11870
1
74
24021
24737
15851
1
6350
794
5297
25554
16394
24860
32224
11665
4801
10634
29098
7254
2510
32141
13594
18641
25903
5291
18250
17406
27961
27266
31203
15436
11281
25843
5447
74
15316
20455
24913
28785
22846
9687
17264
30749
7368
22315
18249
32224
14135
27266
1
32099
8408
721
31693
20412
18650
15365
15316
27266
16926
31203
9877
8309
8136
27913
23433
9418
24547
24547
19981
18641
4247
15316
32141
29475
15458
20412
4751
4364
25722
24547
15851
19575
22315
1
