7624706
3653255
971659
627454
9692769
9841756
2080560
270675
3742549
6482714
1212036
59377
428833
276747
2748665
10751300
3828551
2620699
14936927
1187983
2876572
8060266
248141
87015
234909
5704112
2777521
14077140
2146421
2327664
1251708
4884542
2362682
5357286
1302923
1992124
723514
6198643
2270903
8482730
60318
567931
7402996
441056
289089
4324409
482310
5605345
6683706
11410584
1195711
918369
544735
2589357
1966013
10871715
1045309
2557542
798375
4438356
1334308
7258183
806200
309394
537416
180907
2010017
1355911
11086857
79830
4090983
11556410
393367
7689691
227915
10922426
1928092
1033860
16796089
5950829
1307416
1625951
409395
5530985
1142244
9816836
1425042
17964275
1111138
9666783
332006
3732415
4954895
808701
57500
4556857
2312535
239765
818332
1988817
1024640
5592892
119485
7497324
288864
582543
909802
22017594
479169
5752299
1258164
1429699
5607649
8980
9101558
486909
10169965
65814
144403
6234003
2605664
1291229
12337063
2719181
1150341
8194904
8240925
4017528
381048
24557
295402
6459307
3853279
7750582
139718
11443345
2857838
2179180
2385022
10894273
3907020
18492531
4505200
10772977
945537
10196821
1505747
6019078
5440534
14888566
3716964
92989
6637405
5940616
