2730.979609
2183.212638
3203.388865
2465.191192
2604.237550
2877.112352
3123.690860
2905.392470
2667.377190
2641.138039
2800.947853
3081.090977
2987.017409
2726.664879
2913.122861
2250.547060
2423.401515
2857.030664
2830.579531
3034.118220
2629.108650
2639.623246
3208.485831
2490.879318
1801.967188
2731.075245
2652.483190
2806.042246
2591.265990
2968.852305
2048.166965
2506.740917
2931.530325
2509.657099
2752.440216
2713.006772
3420.247607
2761.701231
3008.845893
2458.160911
2300.660238
3223.826432
3342.352365
2051.947355
2606.865096
2928.626766
3040.307074
3089.515244
2850.390203
2051.570245
2426.772268
2862.941268
3152.912097
2635.847547
2600.037466
2120.234086
3090.506562
2796.938176
2919.882046
2617.227131
2343.019211
2611.171443
2472.780691
2946.693228
3227.592952
3342.603723
2479.474976
2237.824199
3438.269019
3202.755652
3400.461466
2816.688407
2515.304242
2572.624683
2943.944765
2547.124581
2864.550150
2804.936845
2177.456483
2941.779227
2462.718328
2946.921641
2734.503915
2578.406714
3190.930917
2506.079960
2780.804264
3447.577212
3211.851464
2791.186569
2700.697936
2542.598101
3312.544308
2551.630942
2913.886168
3153.054578
2739.756560
2280.578647
3362.544861
3127.812262
2164.588165
1951.931612
3137.487877
2818.949117
2582.557124
2557.927672
3017.208585
2446.488076
2679.694312
3108.441552
3398.916197
2029.015570
3089.050825
2199.174127
2514.032287
2262.340168
3013.905577
2444.702674
2578.630573
2770.314849
2885.727100
2840.711379
2943.739824
2750.837201
2503.349861
2732.757265
2946.927448
2756.440997
3154.582395
2986.596949
2750.335782
3069.295808
3485.787908
2894.349537
2988.594020
3025.247960
2531.967749
2238.180027
2910.784693
2978.224590
2827.534385
3049.068255
3447.565625
1908.927820
2610.762091
2432.419532
2303.515215
2477.662545
2163.870783
2540.491067
2416.159100
2245.575800
3348.544437
3181.538344
2725.044252
2697.169374
3171.037958
3104.891762
2687.932294
3056.520303
2991.179358
3620.838827
2996.131641
2913.312448
2907.234578
1860.403740
2983.563100
2983.479707
2542.695420
3134.746250
3017.561952
3273.832417
3013.889194
2732.520865
2622.023308
2994.607403
2472.003564
3577.594918
2910.772530
2832.706522
2259.346926
2544.555498
2813.788962
3357.178268
2969.964443
3152.420991
2996.464524
2798.964951
2099.269773
2819.812199
1604.501375
2358.615708
2668.570951
2104.056085
2057.727227
3085.407444
2054.507362
2472.396925
2422.469240
2846.727976
3526.561300
2846.813110
3248.985376
2571.580046
3136.011657
3144.323980
3174.507894
3064.997890
2964.263724
3009.257769
2647.830815
3165.562695
3435.759662
2731.644534
2413.802544
2224.259891
2922.106584
2760.501053
2925.377610
3555.359919
1860.380548
2602.023080
2960.748605
3148.042108
2290.558684
2606.247838
2572.311919
2816.506950
2539.421972
2667.384940
2767.973673
2826.791321
2333.285973
2898.170224
3243.569037
1831.793774
2718.729054
1947.044533
2205.516544
2469.786377
2644.959594
2392.048242
2785.609908
3102.810111
2664.095148
2661.246888
2526.497985
2606.430753
2609.968156
2640.320244
2224.023135
3182.483655
2367.844214
2519.608432
2911.388142
3086.649329
2568.866532
2581.057188
2139.607255
2521.341636
2301.919007
2414.601018
3059.319292
2498.909945
3242.540765
2288.402165
2102.054801
2660.078269
2997.089450
2215.304067
2581.952833
2590.943690
2482.882605
2853.531875
2663.891417
3000.370706
2874.049049
3405.206642
2331.500667
2159.516578
2930.663305
2483.894288
2986.108130
2246.376450
2291.837863
2617.213147
2148.400515
2836.388891
2921.707619
2822.010212
3163.808124
3236.983603
2626.686453
2877.192833
3186.362633
2424.875543
2664.051483
2385.582082
2784.648516
3114.769492
3236.262817
2935.146298
1875.242705
2475.093489
2883.685082
3061.702097
2694.510909
3434.754349
2444.362552
2897.068748
2404.652293
3171.750821
2420.083265
2898.196862
2887.101074
2830.410068
2579.679108
2184.819998
2788.228637
2737.933190
1752.660795
3021.705568
2572.608265
2744.516341
2928.270799
2177.120317
2503.442615
2139.880406
2962.016187
1705.235032
2723.935368
2907.965896
2553.597132
2645.025628
2026.044927
2524.540862
2879.119387
2087.165054
3182.044113
2855.374773
2862.125523
2620.528724
2394.381065
1867.020430
2618.088726
2739.389380
3032.530750
2709.914765
2507.686893
2373.909743
3226.318720
3303.039529
2782.678166
3263.098789
2482.494127
2533.043365
2835.703684
3039.248980
2122.021327
2853.729661
3235.359364
2615.801598
3038.383970
3221.845696
2734.270339
2666.338686
2434.100944
3157.250031
3018.221997
2775.094757
2535.992434
2768.316703
2703.851040
2557.706294
2082.010071
2650.694006
2125.502480
2971.969562
2982.803300
2233.126750
3046.366303
3013.561355
2901.958207
2343.116559
3345.761763
3403.872067
3243.861582
3078.950050
2302.863865
2334.115030
2009.592601
2217.558445
2183.906644
3483.788040
2268.573009
2447.776920
3109.241950
3020.934794
2377.111470
2922.184176
3514.137651
2971.626487
2108.495826
2783.446185
2824.385300
2552.975462
2578.434521
2330.922886
3112.793618
2869.761635
2591.032560
2273.314906
2465.599904
2519.076759
2302.993437
2593.464914
2437.448569
2606.105406
3272.111499
2174.700053
2259.698696
2715.288590
2226.225605
2735.374866
2473.086532
2517.977466
3048.747638
3036.485895
2816.817089
2479.112407
3279.532631
3247.289828
3118.469136
2968.685319
2901.487013
3090.083854
2995.278727
3158.596467
2883.076233
3035.022388
3347.653663
2803.190894
2046.437489
2834.181689
2724.699925
3163.581307
3155.812346
2627.789831
3108.480987
2773.611782
2796.751238
2120.397596
3051.281972
2535.838719
2444.400973
2890.283341
2788.667385
2364.903645
2958.853659
2527.521926
2304.409707
3225.633102
2714.144257
2653.453764
3281.466283
2463.927100
2648.186987
3050.629271
2966.685685
3003.603377
2457.964338
3033.588510
3100.497486
3133.357933
1557.492129
2410.020530
2559.869932
2165.599734
3137.397706
3273.010878
2814.008480
2682.154109
3252.418274
3156.860176
2964.174472
2749.341576
3123.888085
2776.684824
2574.037028
2823.265155
2613.231592
3343.880133
2382.005531
2797.746792
2893.750404
2295.272496
2841.047880
2874.738950
2374.017014
2742.160943
3003.038114
3095.893094
3470.373642
2845.592285
3079.520975
2981.947236
2868.147143
2774.565972
2064.561829
2921.291493
2286.520572
2818.082327
3232.094792
3509.967734
2520.167375
3149.208742
2957.944069
2353.196327
3040.405250
3367.071514
3385.033227
2352.670070
3040.227187
2514.069349
2897.822283
2568.129968
2308.963537
2206.009468
2826.959076
2428.456118
2901.534302
2256.636900
2089.431706
3195.086930
2870.327631
3198.287926
2660.260431
2916.415982
3147.053586
2599.024035
2949.888433
2137.284695
2968.244511
2608.434127
3450.020954
1921.474695
2688.836169
1981.062208
2942.495904
3309.806511
2633.572774
2484.370743
2803.697437
2905.767524
2348.095760
3017.963581
2488.295006
3024.882299
3032.562860
3142.469313
3406.103534
2915.725608
2808.799143
3142.493969
3027.622297
3575.223528
3068.648835
2822.288315
2350.283812
2156.552762
2979.958773
2462.740191
3722.964540
3291.251327
3126.547475
2506.769186
3020.526354
2611.021818
2598.070351
3464.844008
3236.266008
2675.356353
2528.599658
2598.340375
2009.665120
2258.408837
3496.572496
2099.281951
2268.041101
2402.385069
3454.369822
2510.745394
3100.916408
2545.191843
2535.542411
2109.921944
2326.865944
2835.622165
2852.366999
3031.569657
2998.966343
3356.160137
3177.402946
2876.313822
2141.162169
3293.960434
2872.251347
2251.942074
2795.226250
2406.951013
2966.864210
2101.497498
2058.526540
2931.193197
2687.647727
2027.000775
2320.531013
2919.271293
2854.322238
2493.903143
3081.293755
2686.663515
2772.493008
2979.070319
2922.615077
3155.993899
3285.105409
3023.954736
2985.111988
2448.246494
3429.884008
2150.158007
3572.784853
2648.411180
2777.707175
3014.240319
2655.940101
3330.919249
2505.511038
2684.689515
3417.720160
3120.539811
3459.609632
2211.902717
1980.304051
2580.131930
3343.867715
2106.304075
2563.473856
2352.460686
2589.472653
2808.759626
2447.180210
3005.119573
2661.712032
3304.747746
3185.388892
2865.686106
3021.749388
3015.617032
2788.656141
2879.379934
2601.561958
2190.128282
2826.652564
2762.780779
2804.590001
2932.311505
3190.986423
2286.316597
2681.627299
2590.577801
2369.861245
2738.912554
2909.976485
2885.747928
2054.568320
3021.681736
2579.730482
2359.764023
2711.480203
3054.835300
2705.992775
3078.834682
2949.258280
2602.845754
3014.487408
3412.599627
2137.193797
2376.026296
2965.264705
2592.722155
2204.253527
2860.791083
2883.231167
3383.062256
2983.747563
2548.417995
2500.031709
1909.259974
2946.689777
2565.427031
2408.619436
3049.040567
2169.086112
2704.546475
2533.174499
2804.993705
1905.784269
2686.807234
1945.473909
2942.589299
3030.220134
2398.722392
2782.973474
2714.635166
2461.131660
2488.122083
3086.943830
2255.148528
2675.575470
2888.644625
2675.723513
2193.900602
2540.829857
2786.790174
2769.405285
2363.664186
2338.729528
3103.496757
2800.494459
3003.280361
2266.859888
2307.865603
3643.215916
3032.070619
2948.717494
2827.750558
2994.426599
2440.614087
3217.274126
2898.061139
2451.893810
2619.117051
2995.547538
3205.906773
2911.286141
2854.861899
2766.925276
3236.512588
2530.190550
3257.833395
2665.709105
2801.749554
2012.049549
2073.657625
3000.316203
2650.653399
2711.843275
3420.990195
2613.863324
2523.035679
2679.096229
2559.640210
2997.629383
2409.073809
2886.289169
2591.531090
2283.487911
2806.978488
2447.922549
2314.635329
2901.195154
3408.085355
2954.796440
2408.065474
3035.262381
3028.750088
3243.069576
2124.657054
2920.870995
2319.372097
2693.549332
2406.241627
2791.836947
2450.996790
2845.690720
3370.753169
1398.826325
2702.167568
2948.929765
2343.171664
3087.557290
2278.075660
2782.365904
2229.941224
3029.855262
3065.420269
2914.094766
3230.084548
3067.917770
2257.503450
3123.843657
2282.061066
2991.151846
2182.259406
2804.419694
3124.310472
2825.312372
2771.415880
2535.687905
3421.185703
2305.862381
3033.417809
2649.686089
2964.490006
3212.572692
3038.199632
3376.418987
3172.295657
3010.757176
3455.161027
2889.619456
3164.087974
3491.884599
2946.025832
2986.299283
2887.164749
2703.981144
3005.671697
2819.093675
3172.464070
2944.348681
2702.389175
3100.369763
2354.290042
3172.183093
2606.923184
2264.149348
1830.372013
3088.699321
3062.731377
2231.278625
2186.111219
3491.032234
2597.157782
3298.982867
2340.940724
3232.935081
3485.263676
3050.510313
3119.637601
2968.371934
1920.682293
3003.084946
2795.707716
3457.327007
3435.239228
2535.377396
2473.368192
2033.463110
3412.069633
2900.842256
2149.701008
2396.265824
2832.184045
1938.638468
3069.915828
2459.983842
2557.966227
3145.886533
2681.477838
2730.221884
2921.905034
2927.480378
2788.271718
2334.505115
3220.402773
3008.750972
2336.868273
2922.824241
2343.376136
2973.318955
2365.511188
3106.869111
3094.777995
2242.061386
1978.171608
2929.448786
3258.464857
2512.272249
2683.543251
2482.777282
2327.508783
2498.090776
3246.707113
2455.592196
1848.843473
2902.083376
2616.053701
2349.262148
2788.913220
2295.890808
2732.738282
2821.769373
2209.295248
2653.518410
3031.609210
3041.074257
3100.196350
2467.365778
2280.611443
2362.043013
2986.654216
2111.021809
3538.772724
2930.169900
3029.479011
3047.744915
2604.336892
2117.853346
3213.567033
2266.593145
3194.415099
2694.893096
2942.316404
2372.151856
3229.798117
2060.439760
3342.059904
2893.033535
2759.805834
3262.668922
2455.344046
3494.531438
2564.657751
2620.994748
3018.803821
2741.619171
2505.188309
2120.289032
2802.656284
2894.330543
1860.852176
2538.929556
1973.229041
3275.490435
3120.998258
3403.096217
2216.480165
2886.410089
3523.250657
2317.243174
2866.258086
2642.736304
3158.058727
3039.535743
2948.390426
3192.645756
3104.567834
2981.390677
1683.683644
2949.533181
2670.317724
2880.317709
2301.870487
2380.167580
2057.578534
2426.187030
2929.150138
2250.815220
3241.950754
2825.620550
3226.135720
2503.974357
2302.597211
3198.703122
2597.809896
2590.627963
2554.670751
2923.228133
3105.378953
2927.517734
2456.526949
2938.011064
2399.395095
2687.526201
2866.445736
2467.615052
2379.589309
2989.574995
2705.899431
2498.682112
3017.472894
3135.795238
2127.692562
2191.550758
2577.766242
3172.028497
2464.055915
3016.670236
2109.866461
2500.084040
2510.801690
2901.416512
2386.354697
2667.699298
3300.333659
2086.348958
2419.845271
2500.889460
2537.576973
2335.561946
2559.246896
2880.622137
2059.163108
2738.419834
2570.768547
2935.355203
2728.613411
2505.692997
2261.105796
2679.958141
2368.081245
2928.920764
2980.759658
2251.406935
2575.114312
3173.708855
2937.046823
2653.308599
1914.832748
2638.819787
2913.533742
2854.480382
2434.731615
3092.616218
2677.007800
1845.556624
3118.691339
2245.508888
2663.608875
3155.204182
2517.732770
2595.487481
3014.947063
3089.835804
2478.721740
2952.170648
2729.450050
2485.439231
2605.550309
2659.356293
2740.497149
3059.684132
3120.431258
3356.241581
3374.363451
2183.351984
2116.580415
3162.961857
2564.511883
2062.998908
2313.306733
2515.548251
3518.008554
2600.273692
3069.383111
2191.047335
2171.989101
2788.354295
2738.175939
2870.364694
3038.220004
2139.613146
2544.476742
3149.342018
2867.719866
2805.098954
2341.816926
2969.555440
2645.559246
2905.952966
3082.345277
2901.088386
2536.895878
2877.068536
2869.906565
2664.082152
2959.889195
2248.443041
3552.179458
3237.578363
2923.980831
3131.155958
3302.098519
3325.234845
2163.150564
2860.227413
2978.362700
2950.799680
2845.335356
2614.849404
2605.384182
1914.885229
3539.655104
3260.327381
2878.231705
2696.049798
3244.019213
2615.711234
2468.475551
2935.416236
2711.202790
2700.782564
2699.903348
2658.662216
2095.347441
2795.488273
2790.726786
2715.628893
2503.405855
2824.425142
3025.007606
1466.760847
2697.248114
2950.984868
2864.550915
3082.230122
2895.026373
2772.366922
3192.595724
2702.113046
2852.876415
3210.949011
2568.172762
2973.231222
2636.312903
3077.398555
2598.608869
1985.427446
2553.686500
2430.687115
2814.884463
3138.024208
2462.195405
2712.624128
2254.975727
3126.779568
3407.448803
2861.091167
2311.870380
2644.816569
2620.592969
2789.536132
2584.859247
2445.827745
3314.916752
2511.069120
2975.297789
2482.212779
2730.112284
3079.058759
2549.042195
2744.582071
2421.560416
2989.735723
2623.674755
3147.103212
2994.912019
2644.236299
2128.307857
2487.032270
2817.820156
2939.719123
2866.135787
2528.700989
2942.450176
3446.381906
3035.032269
3268.449136
3630.227032
2997.740816
2902.028082
2584.337736
2744.544524
2292.138159
2808.936598
2639.981709
2271.083088
2396.807914
3429.488349
2549.526183
2517.304557
3554.686535
3142.044665
2725.662554
2131.761650
2677.126333
2565.103635
2847.922543
2372.907291
2752.074419
3035.810841
3159.043769
3040.631716
2863.310194
2388.120662
2359.677692
2390.256016
3136.585150
2890.639178
1772.886379
3134.269803
2799.778531
2912.873528
2525.687478
2530.819806
3123.475248
3149.702286
3280.735765
3132.317450
2401.556489
2590.657806
2601.305130
3346.105639
2476.113638
2772.726860
2738.091657
2878.973388
2148.148769
3056.560269
2638.545019
2633.354244
3636.967598
2981.972455
2879.055378
2584.266227
2271.027189
2504.454758
3130.434050
3216.209100
2618.916806
2689.502772
2027.610021
2602.706917
3024.412016
2665.546086
3075.334003
2801.147259
2485.913261
2952.146269
2370.645759
2836.630605
2228.388551
2609.565933
2736.238591
3036.419518
2280.714011
3284.519731
2877.500628
2059.608175
2566.893548
2876.312493
2698.289893
2846.712693
2157.310587
2307.420754
3098.109659
2444.289487
2993.955524
1968.574444
2626.135576
3019.080426
2566.430703
2833.529875
2601.340532
2263.082816
2853.135174
2250.074720
2741.677790
2611.958294
2926.108163
2671.780824
2824.494815
2365.389712
2988.281523
1992.177773
2938.388703
2679.696533
2375.153230
2457.681909
3153.264875
3066.991263
2835.100327
2218.896939
2388.843856
2075.078712
2643.262568
2795.578033
2934.624049
2133.995257
3337.088833
2176.690823
2242.184916
2790.517996
2701.991952
2710.660282
3113.006467
2444.699567
2902.903575
2831.231928
2927.137225
2286.455045
2805.291404
2281.713415
2230.350806
3012.464215
2862.907973
3572.432523
2971.440676
2558.604630
2627.930787
3495.887939
2637.707727
2861.881922
2667.134267
2921.916140
2255.979917
2781.428352
3374.882405
2807.831582
3170.193322
3460.160344
3002.222048
2854.223845
2665.003010
2405.018364
2750.414710
3141.533633
2690.846343
1802.374207
2081.340818
3322.163547
1914.045405
2647.931420
2386.559333
2652.417793
2656.295229
2241.283089
3264.099140
1688.514174
2773.842673
2828.186329
3112.870287
2259.219051
2128.788918
3081.995026
3011.595387
2566.720585
2675.915738
2310.261551
3051.160103
3170.062251
2670.009454
3085.508423
2592.025153
2551.868881
2774.824729
2283.671931
1998.823438
2628.252813
2666.709429
3457.920799
2580.983834
3008.228877
3007.387161
2417.814864
2808.277972
2943.299693
2527.748946
2741.357387
3105.905003
3224.243073
2295.001465
2826.384528
3199.052250
2728.216360
2745.077383
2302.926052
1994.447703
3036.232258
2791.593207
2786.724538
2373.629813
2979.287043
3109.198494
2275.859049
2805.617168
1781.905486
2907.684253
3198.319190
3034.619707
2760.184347
3013.077915
2912.511361
2765.402336
2398.592997
2352.608429
2804.347446
2957.835957
2221.248500
2578.733608
2496.399455
2815.202308
3221.482253
3155.891132
3149.248219
2504.020938
3685.011250
2980.203150
2571.464714
2794.138042
3257.569916
2814.081633
2767.581853
2165.454000
3127.042800
2595.949287
2423.086063
2308.137928
2628.337778
2743.068813
2664.822603
2998.308381
3148.306413
2437.208262
3188.389699
3070.948692
2229.079970
2205.043169
2760.610457
2573.387585
2528.946970
3534.309267
2892.754447
2827.618844
3022.266216
2606.603073
2273.547126
3036.608483
2945.715289
3450.817821
2846.184194
2107.228431
2691.299658
2713.145957
2338.503954
1930.982755
2830.343107
2536.541136
2379.390631
2805.010173
2535.465479
3006.472782
2430.373212
1991.312512
2770.923308
2994.672142
2648.137554
2737.564105
3076.494772
3147.777058
2245.198589
3177.274522
2119.256020
2509.797630
3075.262746
2709.805567
2873.704345
2367.178961
2425.200282
2827.454344
2641.005518
2946.385420
2570.720053
2248.705183
2325.714737
2833.497339
3369.070670
2654.025211
3037.522406
2605.924564
2877.422662
2833.198258
2435.668266
2259.014126
2438.126650
2788.835113
3432.486774
3130.726334
1904.662552
3292.752044
1468.147469
3039.404958
2873.407640
3481.954551
2537.615679
2732.775276
2844.072490
3260.706816
2972.551473
2929.306936
2419.603507
2575.346346
2455.129053
2211.098519
2612.440273
3221.350591
2040.715833
3257.375803
3065.446218
2563.999076
2858.028587
2136.003136
2330.257966
2158.495418
2653.596975
2780.459523
2776.167257
3578.976861
1999.992822
2955.155712
2857.755227
2833.390395
3079.071218
2688.105717
2635.669073
2700.832153
2814.804172
2912.259632
2493.307251
2512.183481
2926.384305
2548.470864
2766.555802
2660.737736
2671.019276
2144.282836
2887.289526
2059.100414
3291.324767
2704.862487
2653.190494
2953.912213
2733.768292
2797.565682
2102.624158
2219.610454
3279.976706
2478.964301
3033.053759
2257.041958
3013.965475
2284.480586
3377.909539
2051.905938
2958.263083
2171.960020
3250.890619
3144.866706
3003.000986
2653.840519
2023.422768
2641.813342
2626.598511
2839.792557
2652.454019
2643.098599
3092.219516
2585.182351
2781.655093
2302.755021
2686.950893
3242.383783
3393.651363
2111.590626
2892.830329
2821.038078
1962.554139
2224.868967
3123.338213
2826.841063
2476.243880
2413.867030
2864.120554
3084.783456
2807.620700
2524.050647
2044.966265
2586.107489
2918.115621
2744.010915
2730.860756
3312.711208
2693.305218
2267.446629
2827.996184
2708.839090
2960.639014
2775.475098
2711.691993
2740.258241
2746.280495
2843.316609
3033.319209
2951.392834
2914.105362
2651.319810
3097.435746
2883.280192
2731.912739
2438.203939
2479.662613
3004.875145
3204.268609
2133.037259
3032.199823
2903.104685
2505.832403
2206.335330
2330.478719
2182.148658
2586.911159
2494.109410
2484.281559
2610.798821
3000.221143
2637.586640
2996.582368
2479.144475
2813.840539
2538.410647
2883.160979
2881.809034
3343.484261
1937.276981
3053.144946
2647.870437
2764.856446
3105.135739
2822.569882
2865.099471
2760.920430
3116.090419
2344.518525
2518.760032
3501.103248
2722.995038
2898.320088
3102.094149
2106.255723
2491.064058
3441.385684
2558.135563
2257.561956
2818.549604
2387.710665
2889.969778
2851.593363
3257.104226
2649.450481
3421.840967
3040.817283
2765.760673
2363.919043
1934.543155
2714.926239
3064.405271
2667.779183
2877.537023
2897.327411
3138.775098
3149.639839
2577.098768
2809.359074
2532.528466
3048.049534
2536.188341
2704.717527
2378.015725
2951.958812
2976.317626
2446.687556
2006.801208
3206.626147
2959.409036
2997.582900
2900.309341
2172.076777
2690.170961
3161.757085
2287.134680
2804.862361
2745.540722
2048.620857
2870.002968
2707.286592
3065.829212
2747.256785
2992.270805
2892.840579
2931.186020
2217.229434
3352.474203
2680.796408
2626.790967
3132.273828
3005.596823
2671.767687
2343.155944
3038.593835
3014.625034
2478.757413
2517.110776
2368.051152
2131.274438
2147.959011
2819.403678
2705.807082
2241.596293
2157.873220
2604.448840
2442.810685
2633.972324
2822.815068
2681.982199
2468.141210
2686.482631
2435.471402
2917.985297
3334.735556
3090.302975
3420.136707
2632.563905
3138.994372
3234.237579
2212.208286
2923.533386
2716.923423
3204.768132
3174.080682
2646.169510
2416.456311
2552.761872
2742.471949
2263.571346
2664.427639
1901.814892
2419.072575
2364.076373
3286.219107
2714.830380
2604.827000
2574.781309
3331.210912
3075.333252
3028.000970
3249.224526
2376.375107
2097.781288
3170.651883
3520.572785
2462.341999
2350.111554
3139.925690
3330.261358
3315.748942
2429.875487
2628.853877
2543.991512
3002.040263
2604.651709
2808.707572
2918.535340
2048.810379
2236.165600
2422.396934
2298.975785
2625.500518
3418.403460
2651.022873
2665.143894
2596.109308
3187.114320
2927.078556
3046.426963
2650.790666
2582.730541
2784.982327
2537.854585
3088.969712
3082.210996
2887.147087
3113.625829
2834.768594
2998.848396
3134.894367
2623.439462
2288.022830
2545.140034
2298.737226
2935.373079
3428.350669
2736.543721
2919.750152
2935.133513
3101.430921
2771.214265
2488.949267
3327.611219
3017.484727
3075.766325
2273.914508
3151.926757
3217.069818
2335.003060
2639.068288
3170.080763
2539.083545
2650.390125
2950.986893
2684.508527
2878.882157
2147.916363
2842.625928
2052.466542
2617.249233
2379.541962
2912.027312
1956.392069
2635.480973
3455.253914
2826.523764
1750.732775
2414.858553
2868.253352
2655.178401
2910.966359
2522.854556
2745.451909
2854.494782
2787.604679
2322.127165
2459.101785
2523.962420
3081.582591
2610.418353
2379.997148
2918.558059
2287.409690
3305.741058
3100.818296
3436.211331
3165.297442
2433.383869
2820.732124
2708.290128
2144.099910
2853.118125
2909.129034
2544.540977
2588.903236
2610.101878
2659.484729
2533.688920
3325.168726
3091.405823
2394.028109
1950.484004
3304.670750
3220.889992
2536.864214
2893.191136
2691.900796
2077.829329
2753.300804
2463.777729
2286.521391
2626.851714
3393.475830
2694.095276
1825.540674
2730.652033
2706.837115
2281.953148
3363.023473
2777.249293
2865.394079
3020.120411
2904.689240
2967.468926
3501.451143
3071.301112
2317.663841
3321.463370
2491.611618
2983.449590
2709.801354
2863.895329
2609.548357
2433.184490
2788.097318
3506.324127
3102.549507
2567.854573
2085.650064
2877.501313
3050.289313
2648.262604
2009.949068
3237.183804
2678.553791
2998.437460
2327.170919
2830.358138
2915.957684
3279.431739
3016.260205
3042.094173
2037.908259
3566.207836
3036.426732
3218.654791
2828.286956
2816.059690
3645.891539
2813.560390
3405.145181
2191.876783
2518.991779
3431.767096
2436.180401
2726.492506
2633.287395
2692.985840
3143.969749
2477.309646
2975.988571
3202.515743
2603.842782
3182.429995
3315.557961
2543.083023
2647.242908
2941.266210
3261.606819
1952.956334
2480.152517
2764.418612
3283.970791
3202.156918
2849.510813
2662.530964
2922.716909
2559.602440
2425.679328
2969.119781
2723.634243
2331.340175
2869.795376
3224.101136
1788.519475
2261.657340
2644.416963
2322.704684
2665.499555
2811.134528
2352.103720
2677.321142
2645.662280
3221.712088
2134.771841
2973.685978
2385.588226
2931.011704
2594.539068
2565.675711
3209.326457
2722.202118
2557.262654
2872.534901
3310.636907
2398.967361
3361.384497
2841.783866
2737.988676
2287.255085
2294.228341
2485.205089
3266.726861
1819.035787
2575.530735
2698.015063
3498.974495
2678.781341
2301.518601
3227.678633
1938.204349
3244.487636
3234.811668
2360.669005
2464.567157
3329.075837
2721.381832
3179.562234
2489.972189
3350.065282
2850.812084
2157.756605
2375.626580
2688.077543
2894.139489
2573.571397
2571.733992
2469.301275
2427.509597
3054.895960
3356.184312
2736.168933
3020.628988
2188.864988
3059.722843
2734.816240
2842.637635
3034.730130
2338.235265
3018.431725
2835.860013
2426.476667
2889.105058
3254.074226
2467.157851
1866.386221
2599.156376
2571.957511
2786.883966
3354.689332
2949.242102
1728.547514
2623.232384
2710.119974
2927.083641
2434.001455
2943.607247
3109.574490
2466.187603
2259.731861
1874.689619
2320.763568
2952.789355
3264.840954
2253.247886
1930.541955
2161.332282
2758.793231
1966.726087
3402.898937
3281.561605
3118.518455
2377.856445
3064.556364
1667.794319
2685.968230
3251.951209
2674.687225
2773.508477
2659.299357
3528.959863
3014.687569
2541.520805
3126.621747
2784.653914
2466.577340
3011.170027
3120.222402
2213.977398
2769.941829
2888.110780
2904.188978
2361.211688
2767.813715
2816.498718
2632.331815
2482.132974
3122.506104
2480.089876
3016.078055
2569.826159
2385.395125
1839.268988
3003.051421
2625.440098
2505.563848
2771.025742
2542.086001
2892.750359
2146.236841
3021.137772
2140.667092
2441.382875
2679.688353
3146.515827
2791.267392
3223.955690
2602.661572
2644.112165
2929.008009
2484.680532
2643.791523
2825.433212
2542.954740
2692.099849
3449.716185
2358.020416
2779.124672
2115.363294
3251.072833
2387.459903
3051.307091
2024.576263
2767.768263
3065.439219
2765.777022
3103.682570
2140.699135
2443.916446
3273.945897
3132.355957
3470.520991
2449.962455
2860.785591
3101.567232
2932.959202
2867.669221
3235.956559
2942.754151
2973.880136
2783.243941
1906.353565
2754.514704
2674.549909
1898.866139
2310.312620
3240.931669
2668.048899
2875.044392
2339.885380
2188.999306
3325.423532
3069.972368
2693.504865
2755.961922
2728.956895
3073.280550
2432.957727
2835.379180
3001.823259
3030.578028
2786.102909
3076.332120
2817.343242
2539.563727
3236.951799
2785.509745
3329.288779
2958.265146
2379.241373
2996.808980
2212.916082
2627.305305
2954.208916
3096.167087
2219.235188
2782.840472
2489.514950
2778.946833
3160.039692
2698.704845
2110.865208
2349.560496
3302.257885
2982.110298
3141.722391
2499.202613
3245.117999
2630.587281
2145.969447
2441.822285
3028.561733
2582.474888
3115.126077
2125.667191
2963.400367
2628.798271
2525.301208
2424.678666
2416.382398
3349.636133
2975.992593
2325.691874
3072.760065
2966.385961
2314.218411
2553.837504
2630.629565
3471.391578
3696.781925
2663.018628
2480.191649
2865.102087
2196.364286
3009.430049
2530.513699
2343.508679
2834.677681
2424.365907
3358.051997
2270.500153
3143.022507
2842.160675
2698.150529
2528.103118
2471.850942
3002.791324
2632.175916
2938.278000
2976.435885
2676.740688
3196.740916
3005.616969
2754.959728
2878.953857
2479.225511
2624.835075
2730.235460
3414.978928
3522.011876
2679.583036
3104.943112
2246.605691
3043.766286
2204.310556
2840.754930
2407.791140
2796.589433
2896.865294
3175.648235
2867.536598
2896.029799
2609.330539
2923.486605
2736.632213
2968.723075
2542.297578
3338.582258
2504.298576
3531.414208
2766.748421
3147.846805
2608.663575
2218.171877
2844.440108
3136.875353
3034.924764
2793.103255
2639.991818
3461.647038
2926.851334
3090.372925
2955.894841
2657.604236
2443.625655
1826.207411
2784.354669
2172.738483
2699.162580
3200.939117
3076.777660
3176.268805
2549.110380
2146.426888
2689.491227
2089.043547
2660.200185
2775.971742
2363.439788
2667.543983
2980.214317
2240.901053
3297.793625
3395.377028
2498.078950
3187.511085
2459.588835
2764.533792
3251.104718
2439.237883
3018.121476
3041.073134
1932.730746
2818.002646
2651.237651
2821.080565
2347.863950
2775.140126
2929.227132
3175.250826
2699.635017
2620.248282
3189.134916
2649.546069
3221.838357
3000.753556
2646.421450
2648.070921
2758.668710
3222.714267
3207.603530
2302.144827
2474.269967
2987.615325
2950.423034
2977.992451
3250.103676
1990.898369
3097.019526
2856.105630
2676.697498
2394.414430
2753.925045
2648.967646
2841.759411
2869.214693
2886.978898
2643.710917
2574.075543
2639.126664
3285.162349
2763.335149
3180.567822
3555.974622
3215.394696
2328.016982
2709.565479
2956.647257
2781.742690
2957.427450
2473.139447
1812.665135
2272.264107
2969.381651
3290.797982
3057.069596
2403.568577
2421.145801
2730.481267
3068.962337
2837.085581
2774.578171
2222.281406
2210.105296
2048.402385
3245.128206
2813.937984
2662.811689
2803.767624
2923.140317
2167.211283
2428.276484
2470.136057
2732.542279
2302.910749
2883.467199
3011.391177
2047.925098
1954.167624
2684.733486
2575.418752
2438.235346
2752.424501
2858.926319
2766.828582
2319.999091
2949.953444
3102.645592
2991.797457
3014.615760
2385.401312
2732.004263
2104.424321
3287.051754
2331.526011
2721.105497
2656.928817
2049.229073
2666.020215
2622.547835
3135.740848
2743.972978
2416.249696
3017.054690
2751.594469
1984.658573
2627.462673
2949.510448
2275.036537
3137.195692
2506.641573
1763.593047
2572.524868
3042.644788
2765.001608
2671.100721
2916.512134
3114.101760
2625.108637
3405.098930
2539.373057
2054.964925
2167.810815
2620.548700
2427.230000
3299.835017
2636.275606
2305.327686
2948.074781
2388.587230
1994.966064
3159.231452
2634.438187
2708.549284
2030.207526
2228.181806
2394.241936
2326.741038
3241.981646
2957.356981
3279.618249
2927.914929
2852.542217
2071.724941
2521.215627
2273.141408
2859.322557
2828.363144
2605.690982
3001.533829
2395.456752
2998.781351
3142.823265
3665.617229
3190.167340
3131.177136
2085.349442
2838.977101
2427.115297
2899.273838
2574.279965
2898.385945
2545.869284
3111.782622
2790.884194
3702.647554
3274.636434
3021.475673
3158.391141
2848.808531
2887.115493
3503.192370
3405.694556
2787.480015
3181.247907
2829.490534
2063.615685
1849.450425
3450.245851
2928.935352
2917.448892
2624.288561
2501.582429
2965.582538
3299.408447
3056.722944
2698.162268
2851.174247
2415.349657
3019.053633
3095.880420
2513.201745
2399.989449
2325.828249
3160.741845
2286.126800
2135.753255
3012.317028
2071.673411
2943.020520
2178.418863
2665.567308
3320.440464
2383.817911
2824.570962
3027.159743
3274.792099
3475.855745
2836.218761
3129.761032
2813.911637
2719.702218
2840.246807
2186.341153
2048.493120
2161.938130
2770.442927
2694.152177
2683.400052
2600.900195
3026.415587
3325.665523
3053.457832
3046.552845
2920.655166
2072.093791
2684.781531
2776.762684
2112.348162
2290.314056
2586.855089
2395.280361
2730.090706
2474.589244
2805.412540
2083.457121
2872.367102
2665.812602
2616.848230
2313.680085
1647.198910
2407.876856
2701.566778
2864.846951
2584.626785
2061.731221
2428.939875
2788.327221
3285.321985
2048.957104
2511.956797
2715.991009
2862.488196
2309.684785
2387.813499
2598.678031
2294.303714
3300.137021
2666.111045
2937.702888
2536.974340
2643.709643
2129.780474
2473.147916
2645.349676
2834.518644
2924.918315
2115.069296
2593.725150
2830.772805
2586.146478
2119.268776
2982.396780
2347.580643
2072.098232
2979.695125
2714.413991
3280.245218
3079.354720
2494.354119
2563.012204
2332.694572
3038.528829
2405.347614
2825.249996
2693.222119
3523.870698
2035.980859
3020.192355
3585.504439
3376.256814
2471.586960
2914.732630
2472.034518
2057.118048
2234.096655
3109.532131
2604.596987
2595.539655
3248.326828
2517.331019
2418.562974
2829.443553
3165.072870
2929.221174
2983.443274
2443.629277
2446.821585
1930.818245
3341.115222
2151.003744
3030.775582
2986.634152
2937.611985
2862.767141
2559.272192
2342.027364
2630.436603
3411.885457
3145.699489
2415.881840
3230.263047
2598.905841
3036.948903
3198.728542
2586.517601
2867.101419
2977.145322
3465.186701
2894.574427
2721.806537
2765.782080
2387.720774
3577.540644
3032.622584
2509.256381
3164.896477
2643.046487
3227.029480
2754.443062
2819.744550
2961.049171
2298.062659
2644.948679
3008.423824
3004.464644
2338.427825
2522.654217
2954.055341
2577.446846
2862.725655
2059.820065
3080.616460
2522.995668
2060.012630
2530.542245
2739.465601
3197.707300
2460.286261
2326.581720
3055.984311
2430.952653
2359.710023
2608.571850
2705.610112
2784.380360
2969.391647
3033.082301
2770.383592
2976.900554
3177.391014
3246.470419
2669.612515
2852.003331
2674.140246
2038.373077
2660.747317
2352.515405
2633.375078
3311.872985
3199.519322
1917.657258
2465.604755
3011.003687
2558.092469
2854.747187
2077.506004
3047.402053
2696.615857
2670.643514
2747.190186
2586.212270
2061.453959
2539.059548
2834.022922
2776.244073
2741.246860
3129.328745
2409.468802
2993.963694
2007.150165
3003.254228
2998.981781
2749.286087
2402.122500
2238.206755
3298.500020
2170.827167
3244.880414
2987.011839
2963.685996
2606.766059
2515.508977
2862.140427
2772.272186
1510.174119
2649.745543
2270.298063
3077.423986
2283.501741
2950.954292
3472.472479
3382.259261
2121.393542
2587.361847
2946.969684
1929.838204
2724.367046
2485.174745
2683.123155
2643.508005
2014.266301
3077.268085
2265.329334
2891.069598
2537.829042
2493.117585
2789.628443
3294.731203
2469.034803
1451.258367
2237.914971
3213.168515
2964.979594
1980.029097
2044.804405
2428.689445
1517.764549
2071.574569
2374.493041
2282.527063
2060.833525
2910.051593
3645.427548
2955.503719
3020.497128
3128.872986
2523.171698
2794.708335
3099.769429
2446.606836
2658.868967
2564.555020
2091.831100
3185.005695
3581.317530
2411.206789
3077.079458
2599.910311
2799.112788
2457.541601
2830.355812
2397.355666
3201.391268
2362.883087
3016.112752
3172.732136
2872.421415
1903.817755
2668.053233
3261.082631
2337.539365
2366.892971
3220.447498
2945.670731
2569.894545
2695.324595
3267.705628
2384.362688
2070.581477
2288.648903
3222.621483
2783.007117
1978.723913
2877.997630
3038.385126
2469.566459
2724.059930
2748.854309
2607.059170
3125.002438
2921.226156
3402.364307
3184.301493
2944.333636
2509.008457
3474.128327
2780.234049
2953.083248
2756.011155
2195.883316
3203.327567
2668.223710
2564.236183
2526.730838
3147.938772
2541.280103
2255.311373
2020.654850
3096.062806
2400.523472
3104.078408
2719.136678
2978.710338
3131.882055
2377.202135
2938.390755
2743.380621
2421.895459
2685.165721
2717.650046
2905.053399
2666.953525
2790.808454
3425.566544
2421.548170
2662.061711
2743.600800
2366.805388
2745.296936
2683.927402
3127.929481
2737.079046
3412.929998
2958.407502
3073.416867
2651.383203
2809.255426
2606.224088
3050.143185
2281.006744
2245.459895
2702.312976
2895.436210
2409.631847
3082.459886
2221.144242
2954.887432
2176.876807
3015.568832
2757.445245
2650.208863
3330.473803
2609.776832
2732.916959
2567.408230
2718.865450
2157.310574
3337.127930
3222.640533
2776.379996
3229.959374
2678.950257
2583.161925
1963.924381
2522.677713
2397.300908
2812.795125
2471.914203
2699.962638
2505.588436
1824.415742
2856.428816
2584.850365
2601.592689
2230.972434
2976.750688
2620.798386
2604.587041
2645.590778
3185.273579
2870.821854
1781.816484
2724.622516
2960.904487
2076.656300
3015.194562
2598.823052
2610.892874
3065.969716
2921.969669
2297.459972
2882.455750
2616.733336
2123.467297
2671.814169
3023.608298
2986.315386
2282.548137
2393.108346
2396.765000
2969.511685
3707.496863
2099.070449
3032.548346
3182.094307
2095.825247
2391.211210
2578.478455
2676.145686
2625.062435
3237.092862
3155.182158
1965.953073
2099.271497
2667.611004
2159.863428
2910.051279
2920.638079
2912.137987
2809.056417
3232.772234
2751.875825
2258.018077
2155.085933
3548.203160
2408.341991
2703.660025
3186.013033
2487.932596
2074.168711
3286.176175
3101.075509
2712.250272
2569.373647
2875.166188
2777.676966
2340.890491
2819.465465
1913.244083
2068.345048
2892.172268
3095.525613
2677.176842
1829.721101
2765.876425
2983.250100
3098.094082
3008.745307
2722.459020
2564.750171
3243.220948
1396.359508
2671.011595
2926.129352
2739.008534
2845.500989
3008.354737
2862.273902
2935.334545
3218.939494
2352.403302
2743.171755
2272.175620
2213.985919
3241.777379
3473.031153
2990.925414
3118.521945
3297.869782
2974.745166
3088.179974
3015.011516
1882.665118
2726.312396
2441.992155
1891.732556
3161.457429
2320.606252
3687.004890
2805.304592
