13367
40070
23460
1680
32509
9225
48254
37501
47295
29003
11693
41133
55693
24759
52733
20560
40693
52284
29120
44564
27652
27464
33471
37925
43337
45770
24653
35378
42193
46382
48948
9577
29227
33380
35269
26745
19045
34777
16331
41871
27660
28795
22167
54360
31535
33975
39156
1539
57691
35454
34611
45376
44447
9531
14111
39994
29833
46557
13322
47776
12326
15059
24254
36256
40965
12296
52618
33768
10548
28399
11326
22950
46656
3697
39974
30857
5943
49919
37905
55229
25001
48774
49228
23538
20642
36979
25253
46932
42160
34231
45676
51603
33762
35005
15469
32732
22981
33139
49911
46301
14185
46410
40407
37060
13145
10029
39516
26943
51621
30604
23379
41340
15323
50259
14604
35370
28937
35058
8530
16757
54716
32341
30581
4876
15363
31469
29763
55326
47979
21156
34313
22360
37123
14059
12438
9447
32601
38576
27960
33403
44665
32350
35516
16194
35828
30695
36209
6120
43735
27319
36644
38556
41902
31674
7972
29452
29834
28002
41534
29287
24823
32667
45762
51033
20996
53203
32891
29201
46654
47352
45241
41022
25012
13176
15947
36109
28148
13632
22908
24876
39434
37312
51228
37576
10887
23014
50553
50578
18807
48158
25184
43701
26217
25687
25888
24800
38507
23552
10631
54338
29705
27141
32993
40583
32596
29398
37375
26334
32216
22623
47406
49654
23204
23057
26682
37371
34374
62678
34420
26269
22218
49952
20648
23816
59329
23770
14629
32749
31287
46963
18359
42871
21690
34265
31151
55637
41818
39035
41433
43190
22436
48454
51333
5702
34979
40871
2942
28724
21225
43150
32276
12846
14468
24168
35093
58723
33023
50467
19150
32896
39274
48685
30479
51123
29778
59507
46883
44201
27079
32870
35290
44690
5972
16369
41858
14876
49162
16004
19944
2419
44148
20747
18523
33862
35491
27126
42920
40899
20002
31025
46622
16025
36867
19500
54155
37108
28368
60884
54589
29828
28313
1687
26113
21621
55531
15459
58918
35192
40149
37542
19320
14776
44773
19023
33095
14564
26920
49609
51298
26666
27436
21766
38677
38456
64001
48497
31023
24380
24627
29178
28669
36069
19921
34573
21069
30303
14440
36506
44143
24666
47879
63502
8238
56578
63035
28759
17627
44039
28691
16867
34626
39574
29724
46241
35249
25437
29542
28157
33784
3722
25725
20710
41827
53707
41839
24010
27328
28750
53707
37528
37469
39618
46750
19132
26634
53075
40568
40742
44820
47536
15204
50755
32839
37640
34034
29697
43508
33288
38961
14798
36839
31453
6060
59032
35694
40759
2931
26318
52056
7748
49428
9308
13299
38064
43932
59057
48908
27818
50074
45756
56306
48608
26396
43753
53107
44417
47534
28456
37852
20025
33889
31973
14588
32823
38337
36624
50208
53546
41437
32278
36887
23615
8771
40933
44334
43556
46591
42988
49460
37126
33186
34582
26487
38038
36664
19413
37060
17919
44624
33301
25451
41968
54264
4931
39734
31384
31420
9806
27000
17315
33453
32677
21755
34368
37207
24885
6671
46878
29130
60012
35458
39017
29841
30776
28066
39377
53180
34054
57404
14466
32472
35015
46238
24365
41717
22758
21144
50685
25247
34899
38773
21153
18915
51066
13830
30791
10835
17482
38551
38814
31481
35378
46839
24274
14437
57887
35443
43410
17573
12926
23002
57613
51014
24383
41849
23536
36183
10703
31519
48745
26982
37149
27161
23077
37760
12693
53047
36436
35123
42278
48836
42916
28047
25406
58001
49216
59680
41164
55786
40922
35316
45117
6557
7069
41883
24958
52217
30265
44832
25087
12492
16346
43795
40109
32099
13872
31618
39413
15502
42087
18939
24520
44695
49968
58762
53649
43345
39094
41664
36927
30726
22696
48041
55873
48006
17460
12245
27523
18976
35336
42062
23924
36767
42578
50087
34563
60755
17089
7658
56477
39433
38529
34983
20528
33297
17986
32492
12585
42807
50224
33094
35961
32969
45051
30148
3211
23446
14032
34805
55629
14828
29533
35043
30767
45976
52688
20256
44063
21993
56279
38585
21898
33708
49312
57658
53853
21808
36058
21940
24072
30787
40625
41139
29047
4146
33236
21574
8986
38348
20338
18426
34526
14175
36408
30942
36402
47287
37459
27007
26626
21285
23923
33261
24764
38261
32454
28596
49745
50165
29432
34273
46124
14453
33848
40198
39740
49729
43572
29485
31216
34343
27163
35814
20533
24182
13977
36926
31609
15100
53213
11972
38570
33031
41878
31623
23094
27491
11505
20498
31754
27233
21660
43894
36758
33741
20676
37437
26056
13046
34073
61050
27916
18601
58057
28600
37201
52020
18560
27397
39942
54887
57966
47857
37911
31630
35390
8071
40436
41336
42786
40536
23433
25714
36294
57967
19527
30283
57431
40028
44312
32336
61061
25133
22638
63824
38268
36720
42548
6553
8173
42290
19417
9977
9731
43522
48203
24252
28013
35309
34809
54195
51545
30338
15568
20009
31350
50895
50749
44015
36592
22369
52528
16465
17014
59974
6166
46110
24119
34574
27357
26019
39136
56004
26355
18607
30367
38905
27461
18064
43297
22201
29763
40468
28566
29843
31707
50055
30380
29844
22906
16569
47246
24395
41485
38136
23790
8902
34819
5394
39159
29330
15179
52052
36697
42941
18770
22413
12352
41175
32005
20234
39260
41451
16085
40089
30170
13450
29869
57482
24168
34752
57852
20649
47412
20508
34736
38981
39403
42923
33847
47147
8637
28156
29568
59050
24408
10268
20215
28559
44776
24730
19852
5161
39452
34691
50092
27462
47139
53863
33604
49459
36266
40017
15300
30656
27871
17874
23065
58936
21871
38134
26801
47466
21642
38220
61307
21415
25821
30688
21475
44217
20118
62275
14552
12783
34659
41858
24264
42521
37490
27178
33698
33155
57458
20042
17106
20988
44943
56430
62793
39632
27513
34471
37233
13520
3420
33922
35643
44616
64488
45835
46100
43784
27465
29906
39658
17499
48432
4582
27692
26897
24776
38867
53702
15736
12992
14759
21287
31582
23878
12273
46397
21007
14344
6334
23159
50780
43061
22430
41666
4753
32889
62876
19339
34429
57603
33097
20418
26476
38786
28336
18388
20528
32547
30561
51631
37140
57492
31339
51393
36838
20994
23642
30200
10228
38685
26428
40899
35341
33043
43679
37390
7295
52880
23442
30281
23320
3011
13476
45920
14117
29274
21985
52675
30581
51588
9431
51039
38997
17902
44180
32674
43924
27077
32168
37754
14463
25785
36383
48468
39909
17604
39303
13600
59412
16941
33007
36940
50392
18313
