0
1
11
10
110
100
101
111
1111
1011
1001
1000
1010
1110
1100
1101
11101
10101
10001
10000
10010
10011
10111
10110
10100
11100
11000
11001
11011
11010
11110
11111
111111
101111
100111
100011
100001
100000
100010
100110
100100
100101
101101
101001
101000
101010
101011
111011
110011
110001
110000
110010
110110
110100
110101
110111
1110111
1010111
1000111
1000011
1000001
1000000
1000010
1000110
1000100
1000101
1001101
1001001
1001000
1001010
1001011
1001111
1001110
1001100
1011100
1010100
1010000
1010001
1010011
1010010
1010110
1011110
1011010
1011000
1011001
1011011
1011111
1011101
1010101
1110101
1100101
1100001
1100000
1100010
1100011
1100111
1100110
1100100
1101100
101100
101110
111110
111010
111000
111001
111101
111100
1111100
1110100
1110000
1110001
1110011
1110010
1110110
1111110
1101110
1101010
1101000
1101001
1101011
1101111
1101101
1111101
1111001
1111000
1111010
1111011
1111111
